1 0.9203125 0.19453125 0.1578125 0.2140625
1 0.6671875 0.1359375 0.1609375 0.2328125
1 0.41953125 0.140625 0.1609375 0.2359375
1 0.1765625 0.1375 0.1578125 0.2421875
1 0.88671875 0.49609375 0.1671875 0.25625
1 0.68984375 0.49453125 0.1609375 0.24375
1 0.3953125 0.5421875 0.159375 0.2359375
1 0.14453125 0.50078125 0.1609375 0.25
1 0.21484375 0.865625 0.1609375 0.24375
1 0.4640625 0.86171875 0.1671875 0.2390625
1 0.71171875 0.86171875 0.1609375 0.2453125
1 0.94296875 0.86015625 0.1140625 0.2421875