1 0.7640625 0.1875 0.0359375 0.0265625
1 0.80390625 0.31953125 0.0421875 0.034375
1 0.8984375 0.2859375 0.0390625 0.01875
1 0.97421875 0.4796875 0.0421875 0.04375
1 0.8484375 0.1546875 0.0359375 0.025
1 0.59921875 0.17109375 0.0546875 0.05
1 0.43515625 0.17109375 0.1375 0.0453125
1 0.44765625 0.07421875 0.0578125 0.040625
1 0.3921875 0.1109375 0.0234375 0.021875
1 0.5875 0.0703125 0.0671875 0.03125
1 0.6 0.30859375 0.1046875 0.0671875
1 0.11640625 0.54453125 0.1421875 0.084375
1 0.2390625 0.209375 0.115625 0.0359375
1 0.303125 0.0265625 0.0859375 0.0234375
1 0.1921875 0.33515625 0.1234375 0.034375
1 0.0921875 0.10078125 0.05625 0.028125
1 0.01796875 0.01875 0.0296875 0.0265625
1 0.04453125 0.18984375 0.05625 0.0203125
1 0.42421875 0.30078125 0.1578125 0.0734375
1 0.62734375 0.4953125 0.190625 0.1140625
1 0.4046875 0.49140625 0.209375 0.109375
1 0.65078125 0.7265625 0.2515625 0.0359375
1 0.37578125 0.71171875 0.2484375 0.0515625
1 0.27421875 0.10546875 0.1015625 0.028125