1 0.2359375 0.1875 0.0359375 0.0265625
1 0.19609375 0.31953125 0.040625 0.034375
1 0.1015625 0.2859375 0.0390625 0.01875
1 0.02578125 0.4796875 0.0421875 0.04375
1 0.1515625 0.1546875 0.0359375 0.025
1 0.40078125 0.17109375 0.0546875 0.05
1 0.56484375 0.17109375 0.1375 0.0453125
1 0.55234375 0.07421875 0.0578125 0.040625
1 0.6078125 0.1109375 0.025 0.021875
1 0.4125 0.0703125 0.0671875 0.03125
1 0.4 0.30859375 0.103125 0.0671875
1 0.88359375 0.54453125 0.1421875 0.084375
1 0.7609375 0.209375 0.1140625 0.0359375
1 0.696875 0.0265625 0.0875 0.0234375
1 0.8078125 0.33515625 0.1234375 0.034375
1 0.9078125 0.10078125 0.05625 0.028125
1 0.98203125 0.01875 0.0296875 0.0265625
1 0.95546875 0.18984375 0.05625 0.0203125
1 0.57578125 0.30078125 0.1578125 0.0734375
1 0.37265625 0.4953125 0.190625 0.1140625
1 0.5953125 0.49140625 0.209375 0.109375
1 0.34921875 0.7265625 0.2515625 0.0359375
1 0.62421875 0.71171875 0.25 0.0515625
1 0.72578125 0.10546875 0.1015625 0.028125