1 0.50625 0.2828125 0.0859375 0.09375
1 0.50546875 0.053125 0.0859375 0.0953125
1 0.5078125 0.5203125 0.0921875 0.090625
1 0.51484375 0.75390625 0.0875 0.1046875
1 0.659375 0.5625 0.0578125 0.0390625
1 0.6671875 0.7875 0.046875 0.05
1 0.66171875 0.3328125 0.05 0.0359375
1 0.659375 0.10390625 0.0546875 0.0328125
1 0.9046875 0.16484375 0.1171875 0.1109375
1 0.9078125 0.37734375 0.103125 0.1
1 0.91796875 0.59921875 0.1171875 0.1046875
1 0.9171875 0.7921875 0.103125 0.046875
1 0.0421875 0.06640625 0.0734375 0.096875
1 0.1859375 0.1015625 0.0875 0.0953125
1 0.040625 0.2953125 0.078125 0.103125
1 0.18046875 0.3359375 0.0875 0.0765625
1 0.0328125 0.534375 0.0640625 0.10625
1 0.0390625 0.765625 0.0671875 0.0875
1 0.9515625 0.02265625 0.0296875 0.0421875
1 0.2203125 0.5609375 0.0265625 0.0875
1 0.13984375 0.5546875 0.015625 0.0765625
1 0.096875 0.97734375 0.171875 0.03125