1 0.4578125 0.1671875 0.0796875 0.1546875
1 0.66328125 0.14296875 0.109375 0.1640625
1 0.90625 0.11328125 0.0828125 0.1609375
1 0.2671875 0.18125 0.0796875 0.1671875
1 0.090625 0.20546875 0.0765625 0.153125
1 0.08984375 0.5296875 0.0671875 0.1625
1 0.265625 0.515625 0.071875 0.1546875
1 0.4484375 0.5 0.0734375 0.1671875
1 0.659375 0.4796875 0.1171875 0.171875
1 0.90546875 0.4640625 0.0859375 0.171875
1 0.9109375 0.821875 0.0828125 0.1796875
1 0.66640625 0.8359375 0.128125 0.184375
1 0.4484375 0.8421875 0.0796875 0.1703125
1 0.08125 0.8640625 0.0796875 0.1671875
1 0.2390625 0.85625 0.0265625 0.1859375