1 0.41953125 0.4375 0.0828125 0.1296875
1 0.20546875 0.4296875 0.1515625 0.115625
1 0.4203125 0.75703125 0.0890625 0.13125
1 0.8234375 0.38125 0.2515625 0.1953125
1 0.80859375 0.1109375 0.146875 0.11875
1 0.41640625 0.13515625 0.0828125 0.1328125
1 0.196875 0.1140625 0.2078125 0.11875
1 0.01171875 0.43203125 0.0203125 0.128125
1 0.6046875 0.4296875 0.0828125 0.128125
1 0.61015625 0.7515625 0.090625 0.140625
1 0.8203125 0.73359375 0.1390625 0.115625
1 0.603125 0.12734375 0.0828125 0.1109375
1 0.19609375 0.76015625 0.1578125 0.140625
1 0.0140625 0.1515625 0.0265625 0.1328125