1 0.58046875 0.4375 0.0828125 0.1296875
1 0.79453125 0.4296875 0.1515625 0.115625
1 0.5796875 0.75703125 0.0890625 0.13125
1 0.1765625 0.38125 0.2515625 0.1953125
1 0.19140625 0.1109375 0.146875 0.11875
1 0.58359375 0.13515625 0.0828125 0.1328125
1 0.803125 0.1140625 0.2078125 0.11875
1 0.98828125 0.43203125 0.0203125 0.128125
1 0.3953125 0.4296875 0.0828125 0.128125
1 0.38984375 0.7515625 0.0921875 0.140625
1 0.1796875 0.73359375 0.1390625 0.115625
1 0.396875 0.12734375 0.0828125 0.1109375
1 0.80390625 0.76015625 0.15625 0.140625
1 0.9859375 0.1515625 0.0265625 0.1328125