1 0.09609375 0.09453125 0.140625 0.1296875
1 0.434375 0.096875 0.1015625 0.128125
1 0.7515625 0.3546875 0.075 0.13125
1 0.90546875 0.36328125 0.10625 0.1203125
1 0.909375 0.63125 0.1203125 0.1359375
1 0.90859375 0.909375 0.10625 0.128125
1 0.75234375 0.909375 0.075 0.125
1 0.7515625 0.63203125 0.071875 0.128125
1 0.58671875 0.90625 0.071875 0.1140625
1 0.43203125 0.634375 0.103125 0.1203125
1 0.43203125 0.90859375 0.109375 0.134375
1 0.2421875 0.90390625 0.134375 0.13125
1 0.2453125 0.6171875 0.1359375 0.1109375
1 0.08984375 0.63125 0.146875 0.1421875
1 0.25 0.090625 0.146875 0.1296875
1 0.09375 0.3578125 0.1515625 0.1453125
1 0.2484375 0.359375 0.1359375 0.1453125
1 0.43515625 0.36171875 0.1015625 0.121875
1 0.58984375 0.3625 0.0703125 0.115625
1 0.5890625 0.10078125 0.0671875 0.11875
1 0.75 0.08984375 0.075 0.1203125
1 0.9015625 0.08671875 0.109375 0.121875
1 0.5859375 0.63515625 0.0703125 0.121875
1 0.08515625 0.9078125 0.146875 0.146875