1 0.90390625 0.09453125 0.140625 0.1296875
1 0.565625 0.096875 0.1015625 0.128125
1 0.2484375 0.3546875 0.075 0.13125
1 0.09453125 0.36328125 0.10625 0.1203125
1 0.090625 0.63125 0.1203125 0.1359375
1 0.09140625 0.909375 0.10625 0.128125
1 0.24765625 0.909375 0.075 0.125
1 0.2484375 0.63203125 0.071875 0.128125
1 0.41328125 0.90625 0.071875 0.1140625
1 0.56796875 0.634375 0.103125 0.1203125
1 0.56796875 0.90859375 0.109375 0.134375
1 0.7578125 0.90390625 0.134375 0.13125
1 0.7546875 0.6171875 0.1359375 0.1109375
1 0.91015625 0.63125 0.146875 0.1421875
1 0.75 0.090625 0.146875 0.1296875
1 0.90625 0.3578125 0.1515625 0.1453125
1 0.7515625 0.359375 0.1359375 0.1453125
1 0.56484375 0.36171875 0.103125 0.121875
1 0.41015625 0.3625 0.0703125 0.115625
1 0.4109375 0.10078125 0.06875 0.11875
1 0.25 0.08984375 0.075 0.1203125
1 0.0984375 0.08671875 0.109375 0.121875
1 0.4140625 0.63515625 0.0703125 0.121875
1 0.91484375 0.9078125 0.146875 0.146875