1 0.7609375 0.65625 0.0421875 0.121875
1 0.74921875 0.41953125 0.0421875 0.0984375
1 0.93515625 0.4546875 0.0484375 0.128125
1 0.94609375 0.7203125 0.0421875 0.1375
1 0.92265625 0.23515625 0.0375 0.071875
1 0.9578125 0.95859375 0.04375 0.065625
1 0.77109375 0.93359375 0.040625 0.10625
1 0.46796875 0.23515625 0.05625 0.15
1 0.2734375 0.09375 0.0609375 0.1640625
1 0.5390625 0.28359375 0.0546875 0.15625
1 0.20390625 0.35859375 0.0671875 0.1390625
1 0.040625 0.33984375 0.0640625 0.0671875
1 0.05078125 0.6828125 0.0609375 0.0734375
1 0.18515625 0.68359375 0.065625 0.1515625
1 0.3015625 0.4234375 0.0734375 0.15625
1 0.4171875 0.51875 0.0609375 0.140625
1 0.5796875 0.60078125 0.096875 0.1484375
1 0.38203125 0.77265625 0.2359375 0.128125
1 0.046875 0.0234375 0.06875 0.040625
1 0.2140625 0.065625 0.0328125 0.115625
1 0.53671875 0.0359375 0.0390625 0.0625
1 0.7390625 0.11171875 0.0453125 0.0984375
1 0.98671875 0.21328125 0.0171875 0.059375