1 0.2390625 0.65625 0.0421875 0.121875
1 0.25078125 0.41953125 0.0421875 0.0984375
1 0.06484375 0.4546875 0.0484375 0.128125
1 0.05390625 0.7203125 0.0421875 0.1375
1 0.07734375 0.23515625 0.0375 0.071875
1 0.0421875 0.95859375 0.04375 0.065625
1 0.22890625 0.93359375 0.040625 0.10625
1 0.53203125 0.23515625 0.05625 0.15
1 0.7265625 0.09375 0.0609375 0.1640625
1 0.4609375 0.28359375 0.0546875 0.15625
1 0.79609375 0.35859375 0.0671875 0.1390625
1 0.959375 0.33984375 0.0640625 0.0671875
1 0.94921875 0.6828125 0.0609375 0.0734375
1 0.81484375 0.68359375 0.065625 0.1515625
1 0.6984375 0.4234375 0.0734375 0.15625
1 0.5828125 0.51875 0.0609375 0.140625
1 0.4203125 0.60078125 0.096875 0.1484375
1 0.61796875 0.77265625 0.2359375 0.128125
1 0.953125 0.0234375 0.06875 0.040625
1 0.7859375 0.065625 0.0328125 0.115625
1 0.46328125 0.0359375 0.0390625 0.0625
1 0.2609375 0.11171875 0.0453125 0.0984375
1 0.01328125 0.21328125 0.0171875 0.059375