1 0.42265625 0.42109375 0.0546875 0.0875
1 0.425 0.25625 0.0546875 0.0859375
1 0.57578125 0.25234375 0.0546875 0.078125
1 0.5765625 0.090625 0.05 0.090625
1 0.42265625 0.08984375 0.059375 0.0921875
1 0.57578125 0.428125 0.05 0.0859375
1 0.575 0.58984375 0.05 0.08125
1 0.57578125 0.74453125 0.04375 0.0546875
1 0.5765625 0.9234375 0.0578125 0.084375
1 0.42109375 0.909375 0.05 0.065625
1 0.42421875 0.74765625 0.05625 0.059375
1 0.4265625 0.590625 0.059375 0.0953125
1 0.89609375 0.190625 0.0171875 0.0671875
1 0.89765625 0.34453125 0.0203125 0.071875
1 0.8984375 0.49609375 0.0171875 0.0671875
1 0.896875 0.65625 0.015625 0.078125
1 0.8953125 0.80703125 0.0140625 0.0671875
1 0.896875 0.9609375 0.015625 0.065625
1 0.89921875 0.0390625 0.015625 0.06875
1 0.78828125 0.04609375 0.046875 0.0828125
1 0.9546875 0.0375 0.0296875 0.0640625
1 0.95390625 0.19140625 0.0296875 0.0671875
1 0.95390625 0.346875 0.0328125 0.059375
1 0.95 0.496875 0.0328125 0.065625
1 0.95390625 0.653125 0.0328125 0.06875
1 0.95234375 0.80546875 0.0328125 0.0734375
1 0.95078125 0.9609375 0.03125 0.065625
1 0.7890625 0.8 0.05 0.05
1 0.78515625 0.6453125 0.046875 0.059375
1 0.78359375 0.48671875 0.053125 0.05625
1 0.78671875 0.3453125 0.040625 0.0671875
1 0.7875 0.18125 0.053125 0.059375
1 0.78359375 0.94609375 0.05 0.040625
1 0.2 0.94765625 0.0453125 0.0515625
1 0.10703125 0.95859375 0.015625 0.0609375
1 0.02421875 0.959375 0.0421875 0.0671875
1 0.02265625 0.79921875 0.04375 0.0515625
1 0.0203125 0.64296875 0.040625 0.046875
1 0.021875 0.490625 0.0421875 0.0515625
1 0.02421875 0.35078125 0.04375 0.071875
1 0.10625 0.35078125 0.0140625 0.075
1 0.10703125 0.5 0.0140625 0.0703125
1 0.10703125 0.65390625 0.01875 0.0671875
1 0.10703125 0.803125 0.0109375 0.0640625
1 0.203125 0.8078125 0.0453125 0.059375
1 0.20390625 0.65390625 0.0453125 0.0734375
1 0.20078125 0.49453125 0.046875 0.0515625
1 0.20234375 0.3390625 0.0484375 0.059375
1 0.2015625 0.1875 0.04375 0.05625
1 0.1078125 0.190625 0.01875 0.0703125
1 0.0234375 0.18671875 0.040625 0.0546875
1 0.02109375 0.04375 0.040625 0.075
1 0.10703125 0.04140625 0.0140625 0.0671875
1 0.2 0.0484375 0.0453125 0.0796875