1 0.1203125 0.0796875 0.0421875 0.0546875
1 0.06640625 0.05234375 0.0125 0.0640625
1 0.0625 0.1859375 0.0078125 0.0640625
1 0.11484375 0.2046875 0.0453125 0.053125
1 0.2171875 0.0734375 0.040625 0.053125
1 0.215625 0.20234375 0.040625 0.0546875
1 0.2109375 0.3375 0.04375 0.0515625
1 0.20859375 0.46875 0.0453125 0.0625
1 0.2046875 0.609375 0.0421875 0.0640625
1 0.2015625 0.746875 0.04375 0.0625
1 0.2 0.8921875 0.0484375 0.0625
1 0.0921875 0.89375 0.0421875 0.0625
1 0.1015625 0.7515625 0.04375 0.0640625
1 0.10234375 0.6109375 0.040625 0.059375
1 0.10859375 0.4765625 0.0390625 0.0546875
1 0.1109375 0.33515625 0.0453125 0.065625
1 0.05703125 0.315625 0.0140625 0.0609375
1 0.0515625 0.4484375 0.0109375 0.0625
1 0.0453125 0.59140625 0.0125 0.065625
1 0.040625 0.7296875 0.009375 0.0640625
1 0.03515625 0.88046875 0.0078125 0.0703125
1 0.36171875 0.18359375 0.0359375 0.0515625
1 0.36015625 0.31328125 0.0375 0.0515625
1 0.36328125 0.4546875 0.046875 0.05625
1 0.3578125 0.5953125 0.0453125 0.0546875
1 0.35703125 0.7375 0.04375 0.0515625
1 0.35390625 0.878125 0.0390625 0.053125
1 0.36484375 0.0609375 0.0390625 0.0359375
1 0.4484375 0.06015625 0.0484375 0.053125
1 0.44921875 0.1859375 0.04375 0.05625
1 0.45 0.32265625 0.0421875 0.059375
1 0.4484375 0.45546875 0.0421875 0.0625
1 0.4484375 0.59296875 0.04375 0.059375
1 0.4484375 0.7375 0.046875 0.0625
1 0.446875 0.88046875 0.0484375 0.0703125
1 0.55546875 0.88046875 0.046875 0.0625
1 0.55625 0.73203125 0.0484375 0.0546875
1 0.5578125 0.59296875 0.0484375 0.0734375
1 0.55625 0.45390625 0.05 0.0625
1 0.55546875 0.3203125 0.04375 0.059375
1 0.5546875 0.1796875 0.046875 0.059375
1 0.55390625 0.05078125 0.05 0.0609375
1 0.63984375 0.0375 0.0515625 0.0375
1 0.6421875 0.171875 0.0453125 0.046875
1 0.6421875 0.30078125 0.0421875 0.0375
1 0.64140625 0.43671875 0.0453125 0.040625
1 0.6421875 0.58046875 0.0453125 0.05
1 0.6390625 0.7234375 0.046875 0.0421875
1 0.64765625 0.871875 0.0421875 0.05
1 0.7953125 0.03828125 0.0515625 0.059375
1 0.79609375 0.1703125 0.0421875 0.059375
1 0.8 0.3046875 0.046875 0.05625
1 0.8015625 0.44140625 0.05 0.05625
1 0.80625 0.58046875 0.0484375 0.059375
1 0.8109375 0.7296875 0.0546875 0.059375
1 0.8125 0.8703125 0.05 0.06875
1 0.92734375 0.871875 0.05 0.0609375
1 0.9171875 0.7203125 0.0515625 0.0640625
1 0.91328125 0.57734375 0.046875 0.0703125
1 0.90625 0.43359375 0.0484375 0.059375
1 0.90546875 0.29921875 0.046875 0.0640625
1 0.89921875 0.16171875 0.0484375 0.0609375
1 0.8984375 0.0328125 0.0546875 0.0515625