1 0.1140625 0.21875 0.075 0.0984375
1 0.25859375 0.22109375 0.075 0.09375
1 0.4109375 0.221875 0.078125 0.1
1 0.2640625 0.44453125 0.0875 0.0953125
1 0.40703125 0.4421875 0.0765625 0.0828125
1 0.41015625 0.675 0.0875 0.090625
1 0.41171875 0.89921875 0.078125 0.0859375
1 0.1125 0.67421875 0.0828125 0.09375
1 0.1109375 0.4375 0.0859375 0.1
1 0.25859375 0.67890625 0.078125 0.0984375
1 0.2609375 0.9 0.075 0.0890625
1 0.11171875 0.90390625 0.0796875 0.0953125
1 0.67890625 0.3546875 0.0734375 0.21875
1 0.8890625 0.2203125 0.178125 0.3921875
1 0.5890625 0.38671875 0.0359375 0.1453125
1 0.54765625 0.43203125 0.0203125 0.1328125
1 0.5171875 0.6921875 0.0109375 0.0984375
1 0.59375 0.7890625 0.028125 0.1828125
1 0.66875 0.88046875 0.046875 0.20625
1 0.4109375 0.03203125 0.0828125 0.0484375
1 0.1140625 0.01953125 0.0921875 0.028125
1 0.5453125 0.11484375 0.0296875 0.0984375
1 0.509375 0.18671875 0.01875 0.08125
1 0.58671875 0.03125 0.04375 0.0515625
1 0.0171875 0.01796875 0.03125 0.0359375
1 0.00390625 0.44375 0.0046875 0.09375
1 0.00390625 0.67421875 0.0046875 0.1015625
1 0.00546875 0.90390625 0.00625 0.084375