1 0.07890625 0.1921875 0.06875 0.153125
1 0.19609375 0.19609375 0.06875 0.159375
1 0.31875 0.1984375 0.0625 0.146875
1 0.43984375 0.19921875 0.0609375 0.15625
1 0.55859375 0.1984375 0.0609375 0.1578125
1 0.67734375 0.19375 0.0625 0.1484375
1 0.81328125 0.19140625 0.03125 0.146875
1 0.92265625 0.18984375 0.0640625 0.159375
1 0.91875 0.4921875 0.06875 0.146875
1 0.7984375 0.496875 0.065625 0.153125
1 0.675 0.49375 0.0671875 0.146875
1 0.55703125 0.49765625 0.0625 0.1515625
1 0.43984375 0.49375 0.0640625 0.146875
1 0.31953125 0.50234375 0.065625 0.165625
1 0.20234375 0.50390625 0.06875 0.1625
1 0.0796875 0.50234375 0.0703125 0.1484375
1 0.07734375 0.80546875 0.0578125 0.15
1 0.19765625 0.8078125 0.0671875 0.153125
1 0.31953125 0.80234375 0.0671875 0.15
1 0.43828125 0.80859375 0.0609375 0.165625
1 0.55625 0.79921875 0.0734375 0.171875
1 0.67734375 0.80078125 0.075 0.159375
1 0.79765625 0.80078125 0.06875 0.1625
1 0.92265625 0.8046875 0.078125 0.171875