1 0.92109375 0.1921875 0.06875 0.153125
1 0.80390625 0.19609375 0.0671875 0.159375
1 0.68125 0.1984375 0.0625 0.146875
1 0.56015625 0.19921875 0.0609375 0.15625
1 0.44140625 0.1984375 0.0609375 0.1578125
1 0.32265625 0.19375 0.0625 0.1484375
1 0.18671875 0.19140625 0.03125 0.146875
1 0.07734375 0.18984375 0.0640625 0.159375
1 0.08125 0.4921875 0.06875 0.146875
1 0.2015625 0.496875 0.065625 0.153125
1 0.325 0.49375 0.0671875 0.146875
1 0.44296875 0.49765625 0.0625 0.1515625
1 0.56015625 0.49375 0.0640625 0.146875
1 0.68046875 0.50234375 0.065625 0.165625
1 0.79765625 0.50390625 0.06875 0.1625
1 0.9203125 0.50234375 0.0703125 0.1484375
1 0.92265625 0.80546875 0.0578125 0.15
1 0.80234375 0.8078125 0.0671875 0.153125
1 0.68046875 0.80234375 0.0671875 0.15
1 0.56171875 0.80859375 0.0609375 0.165625
1 0.44375 0.79921875 0.0734375 0.171875
1 0.32265625 0.80078125 0.075 0.159375
1 0.20234375 0.80078125 0.06875 0.1625
1 0.07734375 0.8046875 0.078125 0.171875