1 0.13125 0.3046875 0.0671875 0.1171875
1 0.2671875 0.30078125 0.090625 0.125
1 0.45703125 0.3109375 0.0703125 0.10625
1 0.64453125 0.3125 0.078125 0.09375
1 0.8265625 0.31640625 0.075 0.09375
1 0.8265625 0.5328125 0.075 0.10625
1 0.640625 0.52734375 0.0625 0.109375
1 0.4546875 0.5171875 0.075 0.1296875
1 0.26953125 0.525 0.09375 0.1140625
1 0.13671875 0.521875 0.0703125 0.121875
1 0.140625 0.74375 0.0546875 0.121875
1 0.26953125 0.74609375 0.09375 0.109375
1 0.45703125 0.75 0.0703125 0.109375
1 0.828125 0.74375 0.078125 0.10625
1 0.6390625 0.74609375 0.0828125 0.1015625
1 0.8203125 0.9234375 0.078125 0.04375
1 0.6390625 0.93125 0.0671875 0.0515625
1 0.4609375 0.93125 0.0703125 0.0359375
1 0.271875 0.9140625 0.0828125 0.03125
1 0.134375 0.084375 0.028125 0.0828125
1 0.1421875 0.91015625 0.0671875 0.0234375
1 0.265625 0.0859375 0.0234375 0.0859375
1 0.459375 0.1 0.028125 0.075
1 0.64453125 0.1 0.0546875 0.0671875