1 0.2765625 0.29296875 0.03125 0.034375
1 0.34296875 0.2984375 0.03125 0.04375
1 0.278125 0.40703125 0.03125 0.0390625
1 0.34609375 0.4109375 0.028125 0.0390625
1 0.28125 0.528125 0.03125 0.0390625
1 0.3484375 0.52578125 0.0265625 0.0359375
1 0.2875 0.64453125 0.03125 0.0421875
1 0.35234375 0.6375 0.0328125 0.0453125
1 0.2890625 0.759375 0.0328125 0.0421875
1 0.35625 0.75546875 0.034375 0.0390625
1 0.48203125 0.31796875 0.03125 0.04375
1 0.54140625 0.325 0.0265625 0.0359375
1 0.48359375 0.4265625 0.0265625 0.034375
1 0.54375 0.42578125 0.0234375 0.0328125
1 0.48828125 0.528125 0.0265625 0.0421875
1 0.54609375 0.5265625 0.028125 0.0390625
1 0.5484375 0.62890625 0.0265625 0.0296875
1 0.55078125 0.73046875 0.021875 0.03125
1 0.5546875 0.8328125 0.025 0.034375
1 0.49375 0.83984375 0.028125 0.040625
1 0.490625 0.73359375 0.0296875 0.0359375
1 0.4890625 0.6328125 0.028125 0.034375
1 0.375 0.12890625 0.0265625 0.034375
1 0.42265625 0.13203125 0.0265625 0.0359375
1 0.45703125 0.13671875 0.0265625 0.0375
1 0.52109375 0.11875 0.01875 0.0484375
1 0.5578125 0.12265625 0.025 0.04375
1 0.63515625 0.12734375 0.028125 0.0390625
1 0.56953125 0.19921875 0.0234375 0.034375
1 0.65078125 0.209375 0.021875 0.0375
1 0.696875 0.2109375 0.0125 0.0375
1 0.7421875 0.21484375 0.021875 0.0359375
1 0.69453125 0.3125 0.025 0.034375
1 0.7515625 0.3171875 0.0296875 0.0421875
1 0.69765625 0.415625 0.0265625 0.040625
1 0.75234375 0.41796875 0.021875 0.0359375
1 0.69921875 0.51953125 0.025 0.034375
1 0.75390625 0.51796875 0.025 0.0265625
1 0.703125 0.62109375 0.0234375 0.0328125
1 0.75703125 0.61953125 0.028125 0.034375
1 0.70234375 0.725 0.0265625 0.0359375
1 0.759375 0.72265625 0.0234375 0.0359375
1 0.70546875 0.8265625 0.0234375 0.034375
1 0.76015625 0.821875 0.025 0.0328125