1 0.31953125 0.32109375 0.0328125 0.0359375
1 0.38671875 0.334375 0.034375 0.0453125
1 0.32734375 0.43671875 0.034375 0.040625
1 0.3953125 0.446875 0.03125 0.040625
1 0.33671875 0.5578125 0.034375 0.040625
1 0.40390625 0.5625 0.028125 0.0375
1 0.34921875 0.675 0.034375 0.04375
1 0.4140625 0.675 0.0359375 0.046875
1 0.35625 0.790625 0.034375 0.0453125
1 0.4234375 0.79375 0.034375 0.0421875
1 0.52734375 0.36875 0.0328125 0.04375
1 0.58828125 0.38125 0.028125 0.0375
1 0.53515625 0.47734375 0.028125 0.0359375
1 0.59609375 0.4828125 0.0265625 0.034375
1 0.5453125 0.5796875 0.0296875 0.04375
1 0.60390625 0.584375 0.028125 0.040625
1 0.61171875 0.6875 0.028125 0.03125
1 0.61875 0.78984375 0.0234375 0.0328125
1 0.628125 0.89296875 0.0265625 0.0359375
1 0.5671875 0.89296875 0.0296875 0.0421875
1 0.559375 0.78671875 0.03125 0.0359375
1 0.5515625 0.68515625 0.0296875 0.0359375
1 0.41015625 0.1671875 0.028125 0.0375
1 0.45859375 0.175 0.0296875 0.0375
1 0.49296875 0.184375 0.028125 0.0375
1 0.55625 0.171875 0.021875 0.05
1 0.59375 0.18046875 0.0265625 0.0453125
1 0.671875 0.19296875 0.03125 0.040625
1 0.61015625 0.2578125 0.025 0.0359375
1 0.69140625 0.2765625 0.0234375 0.040625
1 0.73828125 0.2828125 0.0140625 0.0390625
1 0.784375 0.29140625 0.0234375 0.0375
1 0.74140625 0.38515625 0.0265625 0.0359375
1 0.79921875 0.39609375 0.03125 0.04375
1 0.75 0.4890625 0.0296875 0.0421875
1 0.80546875 0.49765625 0.021875 0.0390625
1 0.75703125 0.59296875 0.0265625 0.0359375
1 0.8125 0.59765625 0.0265625 0.0296875
1 0.76640625 0.6953125 0.0265625 0.0359375
1 0.8203125 0.69921875 0.0296875 0.0359375
1 0.77109375 0.8 0.028125 0.0375
1 0.82890625 0.803125 0.025 0.0375
1 0.7796875 0.9015625 0.0265625 0.0359375
1 0.83515625 0.90390625 0.0265625 0.0359375