1 0.27421875 0.33984375 0.0328125 0.034375
1 0.3390625 0.35078125 0.0328125 0.04375
1 0.2640625 0.45234375 0.034375 0.0375
1 0.3296875 0.4609375 0.03125 0.0390625
1 0.2546875 0.5703125 0.034375 0.0390625
1 0.3203125 0.5734375 0.028125 0.0359375
1 0.25 0.684375 0.03125 0.0421875
1 0.31328125 0.6828125 0.034375 0.0453125
1 0.23828125 0.796875 0.0328125 0.0421875
1 0.30390625 0.7984375 0.0359375 0.0390625
1 0.47265625 0.3796875 0.0328125 0.0421875
1 0.5296875 0.390625 0.028125 0.0359375
1 0.46328125 0.4859375 0.028125 0.0328125
1 0.521875 0.4890625 0.025 0.0328125
1 0.45625 0.58515625 0.028125 0.0421875
1 0.51328125 0.5875 0.028125 0.0390625
1 0.50546875 0.68828125 0.028125 0.0296875
1 0.496875 0.7875 0.021875 0.03125
1 0.490625 0.88828125 0.025 0.034375
1 0.4296875 0.890625 0.0296875 0.0421875
1 0.43828125 0.78671875 0.03125 0.034375
1 0.446875 0.68828125 0.0296875 0.034375
1 0.3875 0.1875 0.028125 0.034375
1 0.43359375 0.19375 0.0296875 0.0359375
1 0.46640625 0.2015625 0.028125 0.0359375
1 0.53046875 0.18671875 0.021875 0.0484375
1 0.56640625 0.19453125 0.0265625 0.04375
1 0.64140625 0.2046875 0.0296875 0.0390625
1 0.5703125 0.26953125 0.0234375 0.034375
1 0.64765625 0.2859375 0.021875 0.0375
1 0.69296875 0.29140625 0.0125 0.0375
1 0.73671875 0.29765625 0.0234375 0.0359375
1 0.68046875 0.390625 0.025 0.034375
1 0.73515625 0.39921875 0.0296875 0.040625
1 0.67265625 0.49140625 0.0296875 0.040625
1 0.7265625 0.4984375 0.0234375 0.0359375
1 0.66328125 0.59296875 0.0265625 0.034375
1 0.7171875 0.59609375 0.0265625 0.0265625
1 0.65703125 0.6921875 0.025 0.0328125
1 0.71015625 0.6953125 0.0296875 0.0328125
1 0.6453125 0.79453125 0.028125 0.0359375
1 0.70234375 0.79609375 0.025 0.0359375
1 0.63828125 0.89375 0.0265625 0.034375
1 0.6921875 0.89296875 0.025 0.0328125