1 0.9296875 0.24375 0.1015625 0.2234375
1 0.79296875 0.24375 0.1484375 0.23125
1 0.63671875 0.23828125 0.1484375 0.2265625
1 0.140625 0.225 0.1953125 0.23125
1 0.3046875 0.23046875 0.125 0.2265625
1 0.4609375 0.234375 0.1171875 0.2265625
1 0.14453125 0.46484375 0.1953125 0.234375
1 0.3046875 0.46875 0.1171875 0.234375
1 0.44375 0.4703125 0.153125 0.23125
1 0.640625 0.47265625 0.1484375 0.2265625
1 0.796875 0.47265625 0.15625 0.21875
1 0.91796875 0.4453125 0.078125 0.1640625
1 0.11875 0.73046875 0.1375 0.28125
1 0.30078125 0.734375 0.1640625 0.2890625
1 0.453125 0.7328125 0.1328125 0.29375
1 0.6234375 0.734375 0.1140625 0.2890625
1 0.7734375 0.7359375 0.1875 0.2859375
1 0.890625 0.73828125 0.03125 0.2890625