1 0.071875 0.2484375 0.059375 0.1375
1 0.228125 0.2359375 0.059375 0.1375
1 0.396875 0.23046875 0.0671875 0.140625
1 0.5609375 0.2265625 0.059375 0.140625
1 0.725 0.23046875 0.059375 0.1328125
1 0.88671875 0.228125 0.0546875 0.1375
1 0.8921875 0.51171875 0.0515625 0.140625
1 0.728125 0.51171875 0.059375 0.1484375
1 0.56640625 0.51171875 0.0703125 0.1484375
1 0.40234375 0.515625 0.0703125 0.15625
1 0.2328125 0.515625 0.0671875 0.1484375
1 0.06875 0.521875 0.059375 0.1453125
1 0.7203125 0.8734375 0.075 0.1375
1 0.87890625 0.86875 0.0703125 0.1296875
1 0.40234375 0.88125 0.0859375 0.1453125
1 0.2421875 0.8828125 0.0859375 0.140625