1 0.4625 0.115625 0.0828125 0.0671875
1 0.71875 0.115625 0.0546875 0.0671875
1 0.196875 0.484375 0.075 0.09375
1 0.48046875 0.296875 0.0390625 0.0859375
1 0.4203125 0.30078125 0.04375 0.0859375
1 0.71875 0.296875 0.0546875 0.078125
1 0.8671875 0.303125 0.046875 0.059375
1 0.875 0.4828125 0.0546875 0.0828125
1 0.7171875 0.475 0.059375 0.0984375
1 0.4859375 0.4921875 0.04375 0.1328125
1 0.4234375 0.4921875 0.0359375 0.1328125
1 0.19140625 0.6734375 0.0625 0.0984375
1 0.7203125 0.66796875 0.04375 0.1015625
1 0.8828125 0.6625 0.0625 0.0984375
1 0.32421875 0.87890625 0.1640625 0.1328125
1 0.6859375 0.8578125 0.121875 0.090625
1 0.43125 0.6890625 0.059375 0.153125