1 0.5375 0.115625 0.0828125 0.0671875
1 0.28125 0.115625 0.0546875 0.0671875
1 0.803125 0.484375 0.075 0.09375
1 0.51953125 0.296875 0.0390625 0.0859375
1 0.5796875 0.30078125 0.04375 0.0859375
1 0.28125 0.296875 0.0546875 0.078125
1 0.1328125 0.303125 0.046875 0.059375
1 0.125 0.4828125 0.0546875 0.0828125
1 0.2828125 0.475 0.059375 0.0984375
1 0.5140625 0.4921875 0.04375 0.1328125
1 0.5765625 0.4921875 0.0359375 0.1328125
1 0.80859375 0.6734375 0.0625 0.0984375
1 0.2796875 0.66796875 0.04375 0.1015625
1 0.1171875 0.6625 0.0625 0.0984375
1 0.67578125 0.87890625 0.1640625 0.1328125
1 0.3140625 0.8578125 0.121875 0.090625
1 0.56875 0.6890625 0.059375 0.153125