1 0.9140625 0.22265625 0.046875 0.109375
1 0.71484375 0.21875 0.046875 0.109375
1 0.5140625 0.2203125 0.04375 0.10625
1 0.3109375 0.2203125 0.0515625 0.1140625
1 0.12109375 0.228125 0.046875 0.1140625
1 0.11875 0.5296875 0.0515625 0.1375
1 0.3109375 0.525 0.0515625 0.1375
1 0.5078125 0.525 0.0546875 0.1375
1 0.7171875 0.525 0.059375 0.1375
1 0.915625 0.52734375 0.059375 0.140625
1 0.91015625 0.734375 0.125 0.0625
1 0.9125 0.8671875 0.121875 0.125
1 0.7109375 0.734375 0.125 0.0703125
1 0.7109375 0.8578125 0.125 0.10625
1 0.30859375 0.73046875 0.1171875 0.0625
1 0.1171875 0.73046875 0.109375 0.0625
1 0.1234375 0.859375 0.10625 0.109375
1 0.3109375 0.8671875 0.1140625 0.125