1 0.0859375 0.22265625 0.046875 0.109375
1 0.28515625 0.21875 0.046875 0.109375
1 0.4859375 0.2203125 0.04375 0.10625
1 0.6890625 0.2203125 0.0515625 0.1140625
1 0.87890625 0.228125 0.046875 0.1140625
1 0.88125 0.5296875 0.0515625 0.1375
1 0.6890625 0.525 0.0515625 0.1375
1 0.4921875 0.525 0.0546875 0.1375
1 0.2828125 0.525 0.059375 0.1375
1 0.084375 0.52734375 0.059375 0.140625
1 0.08984375 0.734375 0.125 0.0625
1 0.0875 0.8671875 0.121875 0.125
1 0.2890625 0.734375 0.125 0.0703125
1 0.2890625 0.8578125 0.125 0.10625
1 0.69140625 0.73046875 0.1171875 0.0625
1 0.8828125 0.73046875 0.109375 0.0625
1 0.8765625 0.859375 0.10625 0.109375
1 0.6890625 0.8671875 0.1140625 0.125