1 0.8578125 0.1546875 0.0515625 0.0828125
1 0.66015625 0.15234375 0.046875 0.0703125
1 0.4703125 0.15 0.059375 0.0828125
1 0.2796875 0.1546875 0.059375 0.090625
1 0.0953125 0.1546875 0.059375 0.090625
1 0.8578125 0.37890625 0.059375 0.1015625
1 0.6640625 0.37890625 0.0546875 0.09375
1 0.47265625 0.3765625 0.0625 0.0984375
1 0.28125 0.3765625 0.0703125 0.0984375
1 0.0921875 0.3765625 0.0671875 0.0984375
1 0.8453125 0.609375 0.0515625 0.1015625
1 0.66015625 0.61328125 0.0625 0.09375
1 0.4703125 0.609375 0.075 0.1015625
1 0.2796875 0.609375 0.0671875 0.09375
1 0.09375 0.6078125 0.0625 0.0984375
1 0.78515625 0.87890625 0.0859375 0.109375