1 0.1421875 0.1546875 0.0515625 0.0828125
1 0.33984375 0.15234375 0.046875 0.0703125
1 0.5296875 0.15 0.059375 0.0828125
1 0.7203125 0.1546875 0.059375 0.090625
1 0.9046875 0.1546875 0.059375 0.090625
1 0.1421875 0.37890625 0.059375 0.1015625
1 0.3359375 0.37890625 0.0546875 0.09375
1 0.52734375 0.3765625 0.0625 0.0984375
1 0.71875 0.3765625 0.0703125 0.0984375
1 0.9078125 0.3765625 0.0671875 0.0984375
1 0.1546875 0.609375 0.0515625 0.1015625
1 0.33984375 0.61328125 0.0625 0.09375
1 0.5296875 0.609375 0.075 0.1015625
1 0.7203125 0.609375 0.0671875 0.09375
1 0.90625 0.6078125 0.0625 0.0984375
1 0.21484375 0.87890625 0.0859375 0.109375