1 0.865625 0.2796875 0.0359375 0.075
1 0.78515625 0.28125 0.015625 0.078125
1 0.66796875 0.27734375 0.015625 0.078125
1 0.728125 0.384375 0.0359375 0.090625
1 0.7875 0.4859375 0.0125 0.075
1 0.6703125 0.4859375 0.0125 0.075
1 0.5921875 0.2796875 0.04375 0.090625
1 0.49609375 0.2828125 0.0625 0.090625
1 0.5875 0.4859375 0.0359375 0.0828125
1 0.865625 0.4859375 0.0359375 0.0828125
1 0.728125 0.5875 0.0359375 0.0828125
1 0.86328125 0.6890625 0.0390625 0.090625
1 0.78515625 0.6859375 0.015625 0.075
1 0.6703125 0.6875 0.0125 0.0703125
1 0.5859375 0.6953125 0.0390625 0.09375
1 0.490625 0.69375 0.059375 0.090625
1 0.33203125 0.2640625 0.03125 0.090625
1 0.06640625 0.25625 0.0078125 0.075
1 0.1859375 0.25625 0.0125 0.075
1 0.3359375 0.478125 0.03125 0.090625
1 0.12890625 0.36328125 0.0234375 0.0859375
1 0.2671875 0.259375 0.0359375 0.0828125
1 0.06640625 0.46484375 0.0078125 0.0703125
1 0.1859375 0.46875 0.0125 0.0703125
1 0.26953125 0.475 0.03125 0.075
1 0.12890625 0.571875 0.0234375 0.0828125
1 0.0703125 0.65625 0.0078125 0.0390625
1 0.1890625 0.67578125 0.0125 0.0703125
1 0.265625 0.69140625 0.03125 0.09375