1 0.134375 0.2796875 0.0359375 0.075
1 0.21484375 0.28125 0.015625 0.078125
1 0.33203125 0.27734375 0.015625 0.078125
1 0.271875 0.384375 0.0359375 0.090625
1 0.2125 0.4859375 0.0125 0.075
1 0.3296875 0.4859375 0.0125 0.075
1 0.4078125 0.2796875 0.04375 0.090625
1 0.50390625 0.2828125 0.0625 0.090625
1 0.4125 0.4859375 0.0359375 0.0828125
1 0.134375 0.4859375 0.0359375 0.0828125
1 0.271875 0.5875 0.0359375 0.0828125
1 0.13671875 0.6890625 0.0390625 0.090625
1 0.21484375 0.6859375 0.015625 0.075
1 0.3296875 0.6875 0.0125 0.0703125
1 0.4140625 0.6953125 0.0390625 0.09375
1 0.509375 0.69375 0.059375 0.090625
1 0.66796875 0.2640625 0.03125 0.090625
1 0.93359375 0.25625 0.0078125 0.075
1 0.8140625 0.25625 0.0125 0.075
1 0.6640625 0.478125 0.03125 0.090625
1 0.87109375 0.36328125 0.0234375 0.0859375
1 0.7328125 0.259375 0.0359375 0.0828125
1 0.93359375 0.46484375 0.0078125 0.0703125
1 0.8140625 0.46875 0.0125 0.0703125
1 0.73046875 0.475 0.03125 0.075
1 0.87109375 0.571875 0.0234375 0.0828125
1 0.9296875 0.65625 0.0078125 0.0390625
1 0.8109375 0.67578125 0.0125 0.0703125
1 0.734375 0.69140625 0.03125 0.09375