1 0.02421875 0.196875 0.0421875 0.10625
1 0.2515625 0.2203125 0.13125 0.0734375
1 0.46015625 0.06484375 0.05 0.0875
1 0.59375 0.12265625 0.0515625 0.0765625
1 0.459375 0.3 0.0609375 0.09375
1 0.5984375 0.3359375 0.0453125 0.08125
1 0.46171875 0.53671875 0.0625 0.0953125
1 0.60234375 0.55546875 0.0515625 0.0890625
1 0.4671875 0.759375 0.0703125 0.040625
1 0.61171875 0.76171875 0.0546875 0.03125
1 0.23359375 0.7546875 0.1390625 0.04375
1 0.2421875 0.4890625 0.14375 0.0875
1 0.0140625 0.47890625 0.021875 0.1171875
1 0.01328125 0.75625 0.025 0.05
1 0.73828125 0.16953125 0.0328125 0.075
1 0.765625 0.34609375 0.0765625 0.0359375
1 0.77734375 0.559375 0.06875 0.0515625
1 0.784375 0.7625 0.06875 0.0328125
1 0.734375 0.01640625 0.053125 0.028125
1 0.95078125 0.09296875 0.0359375 0.0515625
1 0.96484375 0.2546875 0.03125 0.059375
1 0.9765625 0.4265625 0.0328125 0.0625
1 0.98203125 0.5984375 0.021875 0.065625
1 0.90703125 0.57578125 0.0375 0.04375
1 0.89140625 0.37734375 0.0328125 0.03125
1 0.915625 0.76171875 0.0421875 0.0390625
1 0.98984375 0.759375 0.00625 0.0328125