1 0.19765625 0.1953125 0.10625 0.075
1 0.4796875 0.2046875 0.1296875 0.090625
1 0.76484375 0.1984375 0.1140625 0.075
1 0.32265625 0.05234375 0.0609375 0.0296875
1 0.55078125 0.0453125 0.0578125 0.0171875
1 0.79453125 0.0453125 0.0578125 0.0296875
1 0.090625 0.378125 0.1 0.1015625
1 0.2859375 0.3828125 0.103125 0.103125
1 0.4734375 0.3796875 0.1109375 0.1046875
1 0.66328125 0.378125 0.103125 0.0984375
1 0.86015625 0.384375 0.1078125 0.10625
1 0.86015625 0.60078125 0.103125 0.1171875
1 0.67109375 0.6046875 0.0984375 0.109375
1 0.48125 0.6078125 0.103125 0.11875
1 0.27890625 0.6 0.1078125 0.1171875
1 0.08984375 0.6046875 0.1125 0.1171875
1 0.0828125 0.859375 0.0984375 0.121875
1 0.26328125 0.8578125 0.0703125 0.1328125
1 0.475 0.8609375 0.1015625 0.13125
1 0.66015625 0.8578125 0.1015625 0.13125
1 0.84453125 0.86171875 0.0640625 0.134375