1 0.8921875 0.2046875 0.0515625 0.10625
1 0.71484375 0.19375 0.0546875 0.0828125
1 0.54296875 0.203125 0.0546875 0.1015625
1 0.3828125 0.1875 0.0546875 0.0703125
1 0.2328125 0.20703125 0.059375 0.1015625
1 0.08203125 0.20703125 0.0625 0.1015625
1 0.0796875 0.4203125 0.0671875 0.1140625
1 0.23046875 0.4 0.0625 0.075
1 0.38125 0.4140625 0.0671875 0.109375
1 0.54296875 0.4140625 0.0546875 0.109375
1 0.71875 0.415625 0.0546875 0.10625
1 0.8984375 0.4125 0.046875 0.10625
1 0.0796875 0.640625 0.0515625 0.125
1 0.2328125 0.640625 0.059375 0.125
1 0.3828125 0.6390625 0.0625 0.1296875
1 0.54296875 0.6390625 0.0546875 0.1296875
1 0.72265625 0.6328125 0.0546875 0.125
1 0.896875 0.62890625 0.0515625 0.109375
1 0.1953125 0.8765625 0.1328125 0.121875