1 0.1078125 0.2046875 0.0515625 0.10625
1 0.28515625 0.19375 0.0546875 0.0828125
1 0.45703125 0.203125 0.0546875 0.1015625
1 0.6171875 0.1875 0.0546875 0.0703125
1 0.7671875 0.20703125 0.059375 0.1015625
1 0.91796875 0.20703125 0.0625 0.1015625
1 0.9203125 0.4203125 0.0671875 0.1140625
1 0.76953125 0.4 0.0625 0.075
1 0.61875 0.4140625 0.0671875 0.109375
1 0.45703125 0.4140625 0.0546875 0.109375
1 0.28125 0.415625 0.0546875 0.10625
1 0.1015625 0.4125 0.046875 0.10625
1 0.9203125 0.640625 0.0515625 0.125
1 0.7671875 0.640625 0.059375 0.125
1 0.6171875 0.6390625 0.0625 0.1296875
1 0.45703125 0.6390625 0.0546875 0.1296875
1 0.27734375 0.6328125 0.0546875 0.125
1 0.103125 0.62890625 0.0515625 0.109375
1 0.8046875 0.8765625 0.1328125 0.121875