1 0.421875 0.109375 0.09375 0.0859375
1 0.240625 0.265625 0.0984375 0.1015625
1 0.4234375 0.3109375 0.0984375 0.0984375
1 0.578125 0.3140625 0.09375 0.0984375
1 0.7359375 0.265625 0.0984375 0.1015625
1 0.8984375 0.29296875 0.0390625 0.0546875
1 0.740625 0.490625 0.0984375 0.10625
1 0.90234375 0.51171875 0.046875 0.0703125
1 0.4234375 0.5234375 0.0984375 0.1015625
1 0.57421875 0.52734375 0.09375 0.1015625
1 0.24375 0.4921875 0.10625 0.1015625
1 0.24375 0.7171875 0.0984375 0.10625
1 0.421875 0.7328125 0.09375 0.090625
1 0.578125 0.73046875 0.09375 0.0859375
1 0.740625 0.71875 0.0984375 0.109375
1 0.1 0.29296875 0.04375 0.0625
1 0.9046875 0.725 0.04375 0.0828125
1 0.57421875 0.1109375 0.09375 0.090625
1 0.73046875 0.0859375 0.09375 0.0390625
1 0.1 0.51171875 0.04375 0.0703125
1 0.1015625 0.73046875 0.0390625 0.0859375