1 0.578125 0.109375 0.09375 0.0859375
1 0.759375 0.265625 0.0984375 0.1015625
1 0.5765625 0.3109375 0.0984375 0.0984375
1 0.421875 0.3140625 0.09375 0.0984375
1 0.2640625 0.265625 0.0984375 0.1015625
1 0.1015625 0.29296875 0.0390625 0.0546875
1 0.259375 0.490625 0.0984375 0.10625
1 0.09765625 0.51171875 0.046875 0.0703125
1 0.5765625 0.5234375 0.0984375 0.1015625
1 0.42578125 0.52734375 0.09375 0.1015625
1 0.75625 0.4921875 0.10625 0.1015625
1 0.75625 0.7171875 0.0984375 0.10625
1 0.578125 0.7328125 0.09375 0.090625
1 0.421875 0.73046875 0.09375 0.0859375
1 0.259375 0.71875 0.0984375 0.109375
1 0.9 0.29296875 0.04375 0.0625
1 0.0953125 0.725 0.04375 0.0828125
1 0.42578125 0.1109375 0.09375 0.090625
1 0.26953125 0.0859375 0.09375 0.0390625
1 0.9 0.51171875 0.04375 0.0703125
1 0.8984375 0.73046875 0.0390625 0.0859375