1 0.02578125 0.05546875 0.0515625 0.1046875
1 0.0140625 0.24453125 0.028125 0.1046875
1 0.00390625 0.4484375 0.0078125 0.115625
1 0.39296875 0.0453125 0.1015625 0.090625
1 0.5890625 0.04453125 0.103125 0.0890625
1 0.37109375 0.234375 0.09375 0.1171875
1 0.57578125 0.22109375 0.103125 0.1171875
1 0.3640625 0.425 0.1078125 0.1109375
1 0.56796875 0.4171875 0.1125 0.121875
1 0.346875 0.6390625 0.1140625 0.13125
1 0.5484375 0.628125 0.0984375 0.109375
1 0.33359375 0.859375 0.1046875 0.121875
1 0.54453125 0.84453125 0.1078125 0.109375
1 0.9703125 0.0265625 0.059375 0.053125
1 0.965625 0.19296875 0.0484375 0.1078125
1 0.95390625 0.3953125 0.0484375 0.1140625
1 0.94765625 0.615625 0.034375 0.1171875
1 0.93984375 0.83046875 0.025 0.1203125