1 0.03359375 0.03671875 0.0671875 0.071875
1 0.02421875 0.2109375 0.0484375 0.10625
1 0.01640625 0.4171875 0.0328125 0.11875
1 0.00625 0.6234375 0.0125 0.1125
1 0.4125 0.05 0.096875 0.06875
1 0.61171875 0.06171875 0.1 0.078125
1 0.396875 0.23046875 0.09375 0.11875
1 0.60234375 0.234375 0.1015625 0.1171875
1 0.3921875 0.4234375 0.109375 0.1140625
1 0.5984375 0.4328125 0.109375 0.121875
1 0.378125 0.63984375 0.1125 0.1328125
1 0.5828125 0.64609375 0.0953125 0.109375
1 0.36875 0.86328125 0.1046875 0.1234375
1 0.58203125 0.865625 0.10625 0.1109375
1 0.98515625 0.0671875 0.0296875 0.05625
1 0.98359375 0.23671875 0.021875 0.1078125
1 0.975 0.44140625 0.021875 0.1140625