1 0.03515625 0.0578125 0.0703125 0.1078125
1 0.025 0.24765625 0.05 0.1078125
1 0.0171875 0.45234375 0.034375 0.11875
1 0.00703125 0.65546875 0.0140625 0.1140625
1 0.41171875 0.040625 0.1 0.08125
1 0.6078125 0.0359375 0.1 0.071875
1 0.39375 0.2234375 0.09375 0.1203125
1 0.596875 0.203125 0.1015625 0.1203125
1 0.38984375 0.41328125 0.1078125 0.115625
1 0.59375 0.39921875 0.109375 0.125
1 0.3765625 0.628125 0.1109375 0.134375
1 0.578125 0.61015625 0.0953125 0.1125
1 0.36640625 0.84765625 0.103125 0.125
1 0.57734375 0.8265625 0.10625 0.1125
1 0.9796875 0.01171875 0.040625 0.0234375
1 0.978125 0.1609375 0.0296875 0.1078125
1 0.96953125 0.3640625 0.0296875 0.1140625
1 0.96796875 0.58359375 0.015625 0.11875