1 0.5640625 0.23828125 0.059375 0.078125
1 0.5625 0.44375 0.0625 0.0828125
1 0.7109375 0.4453125 0.0625 0.0859375
1 0.2984375 0.646875 0.059375 0.0828125
1 0.5609375 0.646875 0.059375 0.090625
1 0.72265625 0.6484375 0.03125 0.0859375
1 0.09765625 0.4453125 0.0625 0.0859375
1 0.9296875 0.4453125 0.09375 0.0859375
1 0.9234375 0.64453125 0.0828125 0.078125
1 0.890625 0.84375 0.03125 0.0859375
1 0.70703125 0.84765625 0.0703125 0.09375
1 0.30078125 0.8515625 0.0703125 0.09375
1 0.44921875 0.85 0.0703125 0.090625
1 0.55859375 0.84765625 0.0703125 0.09375
1 0.44921875 0.646875 0.0703125 0.090625
1 0.453125 0.44140625 0.0625 0.0859375
1 0.303125 0.44375 0.075 0.090625
1 0.30625 0.23046875 0.075 0.09375
1 0.45703125 0.234375 0.0703125 0.09375
1 0.71484375 0.234375 0.0703125 0.09375