1 0.4359375 0.23828125 0.059375 0.078125
1 0.4375 0.44375 0.0625 0.0828125
1 0.2890625 0.4453125 0.0625 0.0859375
1 0.7015625 0.646875 0.059375 0.0828125
1 0.4390625 0.646875 0.059375 0.090625
1 0.27734375 0.6484375 0.03125 0.0859375
1 0.90234375 0.4453125 0.0625 0.0859375
1 0.0703125 0.4453125 0.09375 0.0859375
1 0.0765625 0.64453125 0.0828125 0.078125
1 0.109375 0.84375 0.03125 0.0859375
1 0.29296875 0.84765625 0.0703125 0.09375
1 0.69921875 0.8515625 0.0703125 0.09375
1 0.55078125 0.85 0.0703125 0.090625
1 0.44140625 0.84765625 0.0703125 0.09375
1 0.55078125 0.646875 0.0703125 0.090625
1 0.546875 0.44140625 0.0625 0.0859375
1 0.696875 0.44375 0.075 0.090625
1 0.69375 0.23046875 0.075 0.09375
1 0.54296875 0.234375 0.0703125 0.09375
1 0.28515625 0.234375 0.0703125 0.09375