1 0.0046875 0.44453125 0.009375 0.0265625
1 0.04375 0.6671875 0.0171875 0.0359375
1 0.05625 0.578125 0.015625 0.0375
1 0.0671875 0.484375 0.0125 0.03125
1 0.1796875 0.28125 0.040625 0.0578125
1 0.28828125 0.28125 0.0375 0.05625
1 0.16015625 0.4328125 0.0390625 0.06875
1 0.275 0.43984375 0.034375 0.0671875
1 0.14375 0.58984375 0.0359375 0.0578125
1 0.25703125 0.58984375 0.0390625 0.0625
1 0.728125 0.27890625 0.0328125 0.05
1 0.840625 0.28671875 0.0328125 0.0546875
1 0.83515625 0.4421875 0.040625 0.0734375
1 0.71484375 0.440625 0.0375 0.0625
1 0.82734375 0.61171875 0.040625 0.075
1 0.7078125 0.6046875 0.0421875 0.078125
1 0.93515625 0.51796875 0.015625 0.0421875
1 0.9578125 0.4859375 0.0140625 0.059375