1 0.03828125 0.4390625 0.0328125 0.025
1 0.03671875 0.53828125 0.034375 0.0234375
1 0.03359375 0.64375 0.03125 0.03125
1 0.11328125 0.66015625 0.015625 0.034375
1 0.11640625 0.571875 0.0125 0.0375
1 0.1171875 0.478125 0.0109375 0.03125
1 0.20859375 0.27265625 0.0375 0.059375
1 0.31640625 0.27109375 0.034375 0.0546875
1 0.20546875 0.425 0.0359375 0.0671875
1 0.3203125 0.4296875 0.03125 0.0671875
1 0.2046875 0.58203125 0.0328125 0.05625
1 0.31796875 0.58046875 0.034375 0.0625
1 0.75546875 0.2609375 0.0296875 0.0484375
1 0.86796875 0.2671875 0.0296875 0.0546875
1 0.87890625 0.42265625 0.0359375 0.075
1 0.75859375 0.42265625 0.034375 0.0609375
1 0.88828125 0.59140625 0.0359375 0.075
1 0.76875 0.58671875 0.0375 0.0765625
1 0.9859375 0.496875 0.0125 0.0421875