1 0.040625 0.44609375 0.0328125 0.025
1 0.03828125 0.54453125 0.0328125 0.0234375
1 0.0359375 0.64921875 0.03125 0.0296875
1 0.11484375 0.665625 0.015625 0.034375
1 0.11796875 0.57734375 0.0125 0.0375
1 0.11875 0.484375 0.0109375 0.0328125
1 0.209375 0.28046875 0.0375 0.0578125
1 0.315625 0.27734375 0.0328125 0.0546875
1 0.20625 0.43046875 0.034375 0.0671875
1 0.31953125 0.43515625 0.03125 0.0671875
1 0.2046875 0.5859375 0.0328125 0.0546875
1 0.31796875 0.584375 0.034375 0.0609375
1 0.75078125 0.265625 0.028125 0.046875
1 0.86171875 0.2703125 0.0296875 0.053125
1 0.87265625 0.42421875 0.0359375 0.0734375
1 0.7546875 0.42578125 0.034375 0.0609375
1 0.88203125 0.59140625 0.0359375 0.0734375
1 0.76328125 0.5890625 0.0390625 0.075
1 0.9796875 0.49765625 0.0125 0.040625
1 0.99609375 0.46484375 0.0078125 0.059375