1 0.1421875 0.3203125 0.0671875 0.078125
1 0.3140625 0.32421875 0.0671875 0.078125
1 0.5078125 0.32421875 0.0625 0.078125
1 0.68125 0.3265625 0.0671875 0.075
1 0.8515625 0.32421875 0.0703125 0.0703125
1 0.303125 0.08984375 0.0515625 0.0703125
1 0.49609375 0.084375 0.0390625 0.0671875
1 0.84375 0.146875 0.0546875 0.0359375
1 0.146875 0.5296875 0.059375 0.090625
1 0.3203125 0.53125 0.0625 0.09375
1 0.68359375 0.55078125 0.0546875 0.046875
1 0.8515625 0.5296875 0.0625 0.0984375
1 0.853125 0.75 0.0671875 0.1015625
1 0.68125 0.7796875 0.0671875 0.0359375
1 0.49609375 0.734375 0.0703125 0.125
1 0.50390625 0.9515625 0.0546875 0.0671875
1 0.14453125 0.78515625 0.0546875 0.0234375