1 0.884375 0.3140625 0.0671875 0.1296875
1 0.765625 0.3109375 0.0625 0.1296875
1 0.646875 0.3125 0.059375 0.125
1 0.52734375 0.3109375 0.0625 0.1296875
1 0.3453125 0.31640625 0.0671875 0.1328125
1 0.1890625 0.31640625 0.0671875 0.1328125
1 0.88671875 0.57421875 0.0703125 0.1953125
1 0.76953125 0.571875 0.0625 0.1921875
1 0.6421875 0.57421875 0.075 0.1953125
1 0.525 0.5703125 0.075 0.1953125
1 0.34375 0.571875 0.0625 0.1921875
1 0.1890625 0.571875 0.0515625 0.184375
1 0.884375 0.8578125 0.0671875 0.1140625
1 0.7640625 0.8609375 0.0671875 0.1140625
1 0.64453125 0.859375 0.0625 0.109375
1 0.52734375 0.85546875 0.0703125 0.109375
1 0.2265625 0.8515625 0.046875 0.109375
1 0.046875 0.06875 0.046875 0.0828125
1 0.19140625 0.0609375 0.046875 0.075
1 0.3515625 0.0703125 0.0390625 0.046875