1 0.11875 0.2203125 0.059375 0.0828125
1 0.3109375 0.2109375 0.059375 0.0859375
1 0.515625 0.2109375 0.0625 0.0859375
1 0.7109375 0.21484375 0.0625 0.0859375
1 0.9078125 0.2125 0.059375 0.0828125
1 0.11875 0.39453125 0.059375 0.0859375
1 0.3125 0.38671875 0.0625 0.09375
1 0.515625 0.3890625 0.0625 0.0984375
1 0.7203125 0.38671875 0.059375 0.09375
1 0.9140625 0.3921875 0.0625 0.090625
1 0.31640625 0.5875 0.0625 0.0984375
1 0.51953125 0.5859375 0.0625 0.1015625
1 0.7203125 0.584375 0.059375 0.0984375
1 0.1171875 0.584375 0.0703125 0.10625
1 0.9046875 0.584375 0.0359375 0.10625
1 0.13671875 0.7734375 0.0390625 0.09375
1 0.3140625 0.76953125 0.0671875 0.09375
1 0.5171875 0.76953125 0.0671875 0.09375
1 0.7203125 0.771875 0.075 0.0984375