1 0.88125 0.2203125 0.059375 0.0828125
1 0.6890625 0.2109375 0.059375 0.0859375
1 0.484375 0.2109375 0.0625 0.0859375
1 0.2890625 0.21484375 0.0625 0.0859375
1 0.0921875 0.2125 0.059375 0.0828125
1 0.88125 0.39453125 0.059375 0.0859375
1 0.6875 0.38671875 0.0625 0.09375
1 0.484375 0.3890625 0.0625 0.0984375
1 0.2796875 0.38671875 0.059375 0.09375
1 0.0859375 0.3921875 0.0625 0.090625
1 0.68359375 0.5875 0.0625 0.0984375
1 0.48046875 0.5859375 0.0625 0.1015625
1 0.2796875 0.584375 0.059375 0.0984375
1 0.8828125 0.584375 0.0703125 0.10625
1 0.0953125 0.584375 0.0359375 0.10625
1 0.86328125 0.7734375 0.0390625 0.09375
1 0.6859375 0.76953125 0.0671875 0.09375
1 0.4828125 0.76953125 0.0671875 0.09375
1 0.2796875 0.771875 0.075 0.0984375