1 0.95 0.0859375 0.05 0.1046875
1 0.76171875 0.078125 0.09375 0.1203125
1 0.60546875 0.14140625 0.0703125 0.0890625
1 0.434375 0.14765625 0.075 0.109375
1 0.25 0.096875 0.13125 0.1125
1 0.065625 0.3671875 0.05625 0.109375
1 0.065625 0.58203125 0.0515625 0.0828125
1 0.0640625 0.809375 0.05 0.1046875
1 0.24453125 0.559375 0.1515625 0.1046875
1 0.253125 0.7796875 0.1328125 0.090625
1 0.0640625 0.97734375 0.0640625 0.0296875
1 0.246875 0.97421875 0.1421875 0.0296875
1 0.43828125 0.80390625 0.0828125 0.0859375
1 0.434375 0.58984375 0.065625 0.1046875
1 0.440625 0.3640625 0.0828125 0.09375
1 0.6078125 0.36171875 0.0703125 0.1125
1 0.76640625 0.309375 0.15 0.096875
1 0.94765625 0.31328125 0.0640625 0.096875
1 0.76640625 0.7609375 0.1453125 0.096875
1 0.60625 0.81171875 0.078125 0.109375
1 0.95546875 0.96640625 0.05625 0.0296875
1 0.771875 0.95859375 0.146875 0.059375
1 0.6125 0.97421875 0.075 0.0234375
1 0.4359375 0.9796875 0.0875 0.0265625
1 0.95078125 0.77421875 0.05625 0.109375
1 0.6125 0.5765625 0.0796875 0.115625
1 0.0640625 0.14765625 0.0546875 0.109375
1 0.25234375 0.328125 0.1453125 0.090625
1 0.95078125 0.55234375 0.0609375 0.1125
1 0.76484375 0.55 0.1375 0.0859375