1 0.015625 0.11953125 0.03125 0.1234375
1 0.01015625 0.3265625 0.0203125 0.115625
1 0.00078125 0.540625 0.0015625 0.115625
1 0.35703125 0.24140625 0.090625 0.1171875
1 0.34375 0.44921875 0.0828125 0.1171875
1 0.3234375 0.65234375 0.0859375 0.1171875
1 0.3078125 0.8578125 0.084375 0.11875
1 0.7375 0.14921875 0.08125 0.1125
1 0.71640625 0.359375 0.084375 0.1234375
1 0.7046875 0.5671875 0.084375 0.1140625
1 0.6890625 0.77890625 0.078125 0.125
1 0.9 0.15234375 0.090625 0.11875
1 0.8828125 0.3578125 0.090625 0.1234375
1 0.8671875 0.56875 0.0875 0.11875
1 0.85625 0.7765625 0.0921875 0.125