1 0.0046875 0.365625 0.009375 0.1265625
1 0.003125 0.8421875 0.00625 0.134375
1 0.38046875 0.23671875 0.090625 0.13125
1 0.3828125 0.4671875 0.08125 0.1296875
1 0.37890625 0.6921875 0.084375 0.1328125
1 0.37578125 0.91640625 0.0828125 0.13125
1 0.79453125 0.096875 0.08125 0.1265625
1 0.7890625 0.33046875 0.084375 0.1390625
1 0.79453125 0.559375 0.0828125 0.1265625
1 0.79453125 0.79453125 0.0765625 0.140625
1 0.9640625 0.08203125 0.0703125 0.1328125
1 0.9625 0.309375 0.0703125 0.1390625
1 0.96328125 0.54453125 0.0671875 0.1328125
1 0.9640625 0.77265625 0.0625 0.1390625