1 0.07578125 0.03359375 0.1375 0.0671875
1 0.31171875 0.02578125 0.1296875 0.0515625
1 0.5078125 0.003125 0.08125 0.00625
1 0.64453125 0.01953125 0.1296875 0.0390625
1 0.8984375 0.01796875 0.14375 0.0359375
1 0.08359375 0.19140625 0.125 0.0796875
1 0.32265625 0.18671875 0.1421875 0.084375
1 0.5234375 0.165625 0.071875 0.046875
1 0.64921875 0.1734375 0.13125 0.084375
1 0.9046875 0.16953125 0.14375 0.0921875
1 0.10390625 0.371875 0.14375 0.084375
1 0.34453125 0.3609375 0.128125 0.0765625
1 0.53125 0.34140625 0.0796875 0.0640625
1 0.66484375 0.35546875 0.1171875 0.0828125
1 0.9265625 0.346875 0.1375 0.078125
1 0.11328125 0.54921875 0.1265625 0.08125
1 0.34453125 0.54375 0.13125 0.0890625
1 0.54375 0.52265625 0.0609375 0.046875
1 0.66875 0.5359375 0.134375 0.078125
1 0.92890625 0.52734375 0.1421875 0.0859375
1 0.13125 0.72578125 0.134375 0.0859375
1 0.359375 0.71953125 0.140625 0.0921875
1 0.559375 0.69765625 0.0796875 0.0484375
1 0.678125 0.71328125 0.1328125 0.09375
1 0.9375 0.70078125 0.125 0.0796875
1 0.14375 0.89921875 0.140625 0.08125
1 0.37734375 0.89375 0.1546875 0.096875
1 0.56328125 0.87109375 0.06875 0.0453125
1 0.6890625 0.884375 0.134375 0.0875
1 0.93671875 0.86953125 0.1265625 0.0859375