1 0.06328125 0.04375 0.1265625 0.0875
1 0.296875 0.0359375 0.1265625 0.071875
1 0.49765625 0.0125 0.0796875 0.025
1 0.62890625 0.02734375 0.1265625 0.0546875
1 0.88359375 0.02578125 0.140625 0.0515625
1 0.05625 0.21015625 0.1125 0.0796875
1 0.29609375 0.20546875 0.1375 0.0859375
1 0.49921875 0.1828125 0.06875 0.046875
1 0.6234375 0.18984375 0.1265625 0.0859375
1 0.878125 0.18515625 0.140625 0.0921875
1 0.065625 0.390625 0.13125 0.084375
1 0.30703125 0.3796875 0.125 0.0765625
1 0.49375 0.359375 0.0765625 0.065625
1 0.62734375 0.371875 0.1125 0.084375
1 0.8890625 0.3625 0.1328125 0.0796875
1 0.06484375 0.56953125 0.121875 0.0828125
1 0.29609375 0.56328125 0.1265625 0.0890625
1 0.49609375 0.540625 0.0578125 0.0484375
1 0.6203125 0.553125 0.1296875 0.0796875
1 0.8828125 0.5421875 0.14375 0.0859375
1 0.07109375 0.7453125 0.1296875 0.0875
1 0.29921875 0.7375 0.1359375 0.0921875
1 0.50078125 0.7140625 0.078125 0.0484375
1 0.6171875 0.73046875 0.128125 0.0953125
1 0.88515625 0.715625 0.1375 0.0796875
1 0.07265625 0.91875 0.1375 0.08125
1 0.30625 0.91171875 0.15 0.096875
1 0.49296875 0.88828125 0.065625 0.046875
1 0.61796875 0.90078125 0.1296875 0.0890625
1 0.87109375 0.88515625 0.134375 0.0859375