1 0.0484375 0.0296875 0.096875 0.059375
1 0.26171875 0.021875 0.1296875 0.04375
1 0.590625 0.015625 0.128125 0.03125
1 0.840625 0.0140625 0.14375 0.028125
1 0.0546875 0.18046875 0.0859375 0.0765625
1 0.275 0.17734375 0.1421875 0.0828125
1 0.475 0.15625 0.071875 0.0453125
1 0.59921875 0.1640625 0.13125 0.084375
1 0.85 0.16015625 0.14375 0.090625
1 0.07890625 0.3578125 0.1046875 0.08125
1 0.3015625 0.34921875 0.1296875 0.075
1 0.48515625 0.3296875 0.0796875 0.0640625
1 0.61796875 0.34375 0.1171875 0.08125
1 0.8765625 0.33515625 0.1375 0.0765625
1 0.08984375 0.53125 0.0984375 0.0765625
1 0.30625 0.52890625 0.13125 0.0875
1 0.50234375 0.50859375 0.0609375 0.046875
1 0.6265625 0.52109375 0.134375 0.078125
1 0.88515625 0.5125 0.1484375 0.084375
1 0.11015625 0.7046875 0.1109375 0.08125
1 0.325 0.7015625 0.140625 0.090625
1 0.52109375 0.6796875 0.0796875 0.046875
1 0.63984375 0.69609375 0.1328125 0.0921875
1 0.903125 0.68359375 0.140625 0.0796875
1 0.12421875 0.87421875 0.1109375 0.0765625
1 0.34609375 0.87265625 0.1546875 0.0953125
1 0.5296875 0.85078125 0.06875 0.0453125
1 0.6546875 0.8640625 0.134375 0.0859375
1 0.903125 0.84921875 0.1375 0.084375