1 0.54140625 0.090625 0.1 0.125
1 0.6515625 0.0890625 0.0953125 0.121875
1 0.76640625 0.09375 0.1015625 0.11875
1 0.52890625 0.27890625 0.09375 0.125
1 0.6421875 0.28125 0.0953125 0.121875
1 0.753125 0.28125 0.09375 0.121875
1 0.5234375 0.47421875 0.1 0.13125
1 0.63359375 0.47265625 0.0953125 0.13125
1 0.7453125 0.47734375 0.0953125 0.125
1 0.50859375 0.66640625 0.0890625 0.1296875
1 0.621875 0.665625 0.090625 0.125
1 0.73984375 0.66796875 0.1015625 0.1234375
1 0.01953125 0.91328125 0.0390625 0.1640625
1 0.0875 0.9125 0.0671875 0.1625
1 0.2 0.9109375 0.0796875 0.15625
1 0.29296875 0.91015625 0.06875 0.1578125
1 0.37890625 0.9109375 0.071875 0.153125
1 0.484375 0.90859375 0.0625 0.1578125
1 0.57578125 0.91015625 0.0671875 0.1578125
1 0.653125 0.91171875 0.065625 0.1546875
1 0.74296875 0.91171875 0.065625 0.1546875
1 0.8515625 0.91171875 0.0640625 0.1578125
1 0.9296875 0.91640625 0.0625 0.1546875