1 0.57890625 0.065625 0.1 0.1171875
1 0.69609375 0.0640625 0.0953125 0.1140625
1 0.81953125 0.06796875 0.103125 0.11875
1 0.575 0.2578125 0.09375 0.134375
1 0.69609375 0.26015625 0.0953125 0.1296875
1 0.8140625 0.26171875 0.09375 0.1296875
1 0.578125 0.46484375 0.1015625 0.140625
1 0.6953125 0.4640625 0.096875 0.140625
1 0.81484375 0.4703125 0.096875 0.134375
1 0.5703125 0.66953125 0.0890625 0.1390625
1 0.69140625 0.66953125 0.090625 0.134375
1 0.81640625 0.6734375 0.103125 0.1328125
1 0.0390625 0.91875 0.0765625 0.1625
1 0.13125 0.91875 0.0640625 0.1625
1 0.25078125 0.9203125 0.0796875 0.159375
1 0.35078125 0.91953125 0.065625 0.1609375
1 0.4421875 0.92265625 0.06875 0.1546875
1 0.5546875 0.9203125 0.0609375 0.159375
1 0.65234375 0.921875 0.065625 0.15625
1 0.734375 0.92421875 0.0625 0.1515625
1 0.8296875 0.925 0.0625 0.15
1 0.94453125 0.92421875 0.0609375 0.1515625