1 0.52578125 0.065625 0.10625 0.13125
1 0.63984375 0.0609375 0.1015625 0.121875
1 0.7578125 0.05859375 0.1078125 0.1171875
1 0.50859375 0.25859375 0.0984375 0.134375
1 0.62578125 0.25390625 0.1015625 0.1296875
1 0.73984375 0.246875 0.0984375 0.1296875
1 0.4984375 0.45859375 0.10625 0.140625
1 0.61171875 0.45078125 0.1015625 0.140625
1 0.7265625 0.4484375 0.1 0.134375
1 0.47890625 0.65703125 0.0953125 0.1390625
1 0.59609375 0.64921875 0.096875 0.134375
1 0.71640625 0.6453125 0.1078125 0.1328125
1 0.0390625 0.92109375 0.071875 0.1484375
1 0.15546875 0.91640625 0.084375 0.146875
1 0.25078125 0.90859375 0.0734375 0.1484375
1 0.33984375 0.90625 0.075 0.14375
1 0.4484375 0.89765625 0.0671875 0.1484375
1 0.54140625 0.8921875 0.0734375 0.1484375
1 0.62109375 0.88984375 0.06875 0.14375
1 0.71328125 0.884375 0.06875 0.14375
1 0.825 0.87734375 0.0671875 0.1453125
1 0.90703125 0.87578125 0.065625 0.1359375