1 0.124468125 0.094966834375 0.1228791953125 0.133961975 0.1631723703125 0.181768634375 0.17584957968749998 0.0929560359375 0.1281685125 0.036922781249999995 0.124468125 0.094966834375
1 0.1231040546875 0.32049434374999997 0.1196207625 0.4059804546875 0.1683169171875 0.449877421875 0.17618584843750001 0.34650090312500004 0.1248123640625 0.29383653593750003 0.1231040546875 0.32049434374999997
1 0.1252421 0.713660725 0.16531221406250002 0.7442181453125001 0.1700237015625 0.6285899265625 0.125573353125 0.5831998796875 0.1252421 0.713660725
1 0.1721059375 1 0.1744873390625 0.9415562375000001 0.1157897828125 0.894561990625 0.12261406718750001 1 0.1721059375 1
1 0.33994060937500004 0.168458634375 0.455941284375 0.295038315625 0.45903412968749996 0.219134484375 0.3354352953125 0.08031136718750001 0.33994060937500004 0.168458634375
1 0.475458375 0.7432946171875 0.34136703125 0.5940219390625 0.3503447484375 0.725192978125 0.47412498281250004 0.8456888671874999 0.4804463265625 0.8459464421874999 0.48076285937499996 0.8381781453125001 0.475458375 0.7432946171875
1 0.502951803125 0.79295460625 0.49925254218750004 0.8837409609375 0.595895134375 0.98140005625 0.598811365625 0.8711927812500001 0.5051902140625 0.7663180453125 0.502951803125 0.79295460625
1 0.5986268296875 0.711120925 0.6019586593749999 0.6293519703125 0.6018310312499999 0.6282260671875 0.48846813593749994 0.5154550062500001 0.4969388 0.6120993312499999 0.5986268296875 0.711120925
1 0.3403275890625 0.316316728125 0.3373734140625 0.36255017968750003 0.3341730875 0.44109180625000005 0.4546177875 0.5866534609375 0.45812345624999995 0.58679630625 0.453127746875 0.4725600015625 0.3403275890625 0.316316728125
1 0.48037540156249997 0.3541697375 0.5818380734375 0.47017372812499997 0.5848664859375 0.3958511703125 0.4789372703125 0.2621537453125 0.48037540156249997 0.3541697375
1 0.56805148125 0.18079609218749998 0.4639832390625 0.0277979390625 0.4645161 0.115110978125 0.573188140625 0.270640515625 0.5758781140625 0.2707501234375 0.576104075 0.2652046515625 0.56805148125 0.18079609218749998
1 0.5962456328125 0.1216159609375 0.613800696875 0.1466767203125 0.6161962875 0.08788470781249999 0.595953584375 0.0554274984375 0.5962456328125 0.1216159609375
1 0.6021363734375 0.2408888953125 0.6020110812499999 0.2439638171875 0.6083198015625 0.3153424109375 0.624770484375 0.33838080625 0.6270854328125 0.2815679203125 0.626906925 0.2766564046875 0.6021363734375 0.2408888953125
1 0.698512621875 0.449127328125 0.6995240640625 0.42430474374999994 0.6980388 0.3891749859375 0.665992175 0.3456022921875 0.67018676875 0.4154679953125 0.698512621875 0.449127328125
1 0.6241463859375 0.5186393125000001 0.6341692109375 0.5302313359374999 0.636832871875 0.46486041250000004 0.615072125 0.4284824203125 0.6241463859375 0.5186393125000001
1 0.7158580578125 0.6380024375 0.7176339656249999 0.594418559375 0.7157234484375 0.5723263140625 0.68036119375 0.5248061453124999 0.691636071875 0.6133389609375001 0.7158580578125 0.6380024375
1 0.65222028125 0.7401991265625 0.6533209531249999 0.71318673125 0.646068521875 0.662515925 0.6272171609375 0.6413403078125001 0.6343187609375 0.718681584375 0.65222028125 0.7401991265625
1 0.6978013953125 0.7223390046875 0.6924835328125 0.7077163 0.7109833 0.8080216578125 0.729818484375 0.8331313421875001 0.7320004078125 0.7795831015625 0.7302161671875 0.7585213765625001 0.6978013953125 0.7223390046875
1 0.6666674296874999 0.9617931828125 0.667761790625 0.9349356390624999 0.664311425 0.8755094187499999 0.640889096875 0.84457491875 0.6510508203125001 0.94498555 0.6666674296874999 0.9617931828125
1 0.7449304265625 1 0.746261053125 0.9673440890625 0.7172587 0.9407836156249999 0.72053890625 1 0.7449304265625 1
1 0.749735434375 0.3529587890625 0.7512500765625 0.35302050625 0.748961959375 0.299186128125 0.7315457921874999 0.2746663640625 0.7339109875000001 0.3360788890625 0.749735434375 0.3529587890625
1 0.7731443015624999 0.538042909375 0.7739064375 0.519338725 0.7644544515625 0.4696911453125 0.742757546875 0.4423394390625 0.7498020375000001 0.513483275 0.7731443015624999 0.538042909375
1 0.7858798984375001 0.7248210937499999 0.7876780328125 0.6806916937499999 0.784894215625 0.6564918078125 0.7595498421875 0.6211314734375 0.7647023640625 0.7038244859375 0.7858798984375001 0.7248210937499999
1 0.7842696515625 0.8963998734375 0.8053367843749999 0.9196934125 0.7974495125 0.8412228453124999 0.77419720625 0.816279884375 0.7842696515625 0.8963998734375
1 0.920329946875 0.61322411875 0.920605415625 0.606463646875 0.9189832234375 0.5461388171875 0.8623314859375 0.44995421406249997 0.8662060046875 0.5291609328125 0.920329946875 0.61322411875
1 0.9335709375000001 0.5704256484375 0.9326088734375 0.5807488515625 0.930509325 0.6322754421875 0.962144709375 0.6965439703125 0.9644473625 0.6966377953125 0.9712857109374999 0.635025478125 0.9335709375000001 0.5704256484375
1 0.92663105625 0.789002553125 0.9299422796875 0.789137475 0.9341545265625 0.7155913968750001 0.8784160609375 0.622147065625 0.8776331140625 0.7049274015625 0.92663105625 0.789002553125
1 0.9706077750000001 0.762083753125 0.9494703781249999 0.732189990625 0.9580994390625 0.8083583640625 0.9682393328125001 0.820209471875 0.9706077750000001 0.762083753125
1 0.9565506812500001 0.8892661296875 0.8973955109375 0.808537190625 0.895305609375 0.9017088390625 0.950024265625 0.965826665625 0.955875440625 0.9157666765625001 0.9565506812500001 0.8892661296875
1 0.4909618953125 1 0.3483765890625 0.900728421875 0.3545352671875 1 0.4909618953125 1
1 0.3921875 0.015980415625 0.392181996875 0.0161154765625 0.4429425078125 0.0853475765625 0.446608778125 0.085496965625 0.44745002500000003 0.0214007390625 0.393267253125 0.016024412499999998 0.3921875 0.015980415625
1 0.5295781125000001 0.0215786546875 0.5627162390625 0.0560233859375 0.5639948312499999 0.0246445 0.563944796875 0.0229789890625 0.5295781125000001 0.0215786546875