1 0.0832365375 0.2223406609375 0.0819574984375 0.1673879375 0.0108704734375 0.10890649687500001 0.013675471875000001 0.21057918281250002 0.0794482828125 0.2776243375 0.0832365375 0.2223406609375
1 0.07977869531250001 0.5433153546875 0.0772632703125 0.4352424359375 0.009236007812499999 0.380598403125 0.013270259375 0.457706928125 0.01626288125 0.4997182265625 0.07977869531250001 0.5433153546875
1 0.020389618749999998 0.6985818375 0.0170203015625 0.7312615390625 0.019823698437500002 0.8517068999999999 0.06572008593749999 0.8890736453124999 0.07114166562499999 0.8892629703124999 0.084435115625 0.7477574671875 0.0209642359375 0.6986019046874999 0.020389618749999998 0.6985818375
1 0.19373049375 0.154051490625 0.23558915468750002 0.194503203125 0.23372308125000002 0.11432905625 0.18344791875 0.066132171875 0.19373049375 0.154051490625
1 0.2048188578125 0.402533575 0.24755631562499997 0.4403540203125 0.245473215625 0.3508555078125 0.19483038749999998 0.3014247734375 0.2048188578125 0.402533575
1 0.21645303437500002 0.6835552765624999 0.2570676703125 0.7148469734375 0.2545780765625 0.6078838484375 0.2119396 0.5648284859375 0.21645303437500002 0.6835552765624999
1 0.2378466890625 0.9688094218750001 0.28078112499999996 0.99582876875 0.2782446203125 0.8868501828124999 0.2217576390625 0.8494146453125 0.2378466890625 0.9688094218750001
1 0.49294603124999997 0.24536486875 0.37507854375 0.10520619687499999 0.37871261562499997 0.1854656703125 0.49932481093750003 0.3249991203125 0.499351915625 0.325000065625 0.498902534375 0.30569282656249996 0.49294603124999997 0.24536486875
1 0.5510690312500001 0.8029812218749999 0.549626025 0.7409838109375 0.5454207046875 0.7136848453125 0.40990365312500004 0.57362324375 0.4099039734375 0.5736370187500001 0.42990161718750003 0.6937799234375001 0.5486926578125 0.8028982375 0.5510690312500001 0.8029812218749999
1 0.6749266609375 0.9290823671874999 0.676797975 0.929147715625 0.66671248125 0.8298393859375001 0.5688978046875001 0.7299770640625 0.5735221984375001 0.8341687171875 0.6749266609375 0.9290823671874999
1 0.6528668203125 0.6824832390625 0.6512209484375 0.611769853125 0.65025541875 0.6063166296875 0.5402114203124999 0.5017138140624999 0.5535714281249999 0.5899390125 0.6528668203125 0.6824832390625
1 0.5265638515625 0.5550604859375 0.5256433875 0.5155136203125 0.514542321875 0.4552363375 0.39248135624999997 0.32106284375 0.40097981875000005 0.433103115625 0.5265638515625 0.5550604859375
1 0.5164894624999999 0.270955471875 0.516338246875 0.2709501921875 0.5249603359374999 0.3550097375 0.62119949375 0.462231521875 0.6196549124999999 0.3958699859375 0.5164894624999999 0.270955471875
1 0.6039387484375001 0.25725398125 0.6026266687499999 0.20088163906249998 0.5997464375 0.18736420625 0.489171796875 0.056270067187499995 0.4989105546875 0.1357741734375 0.6039387484375001 0.25725398125
1 0.614927521875 0.1413013359375 0.631410671875 0.1631004390625 0.6301491578125 0.1089007109375 0.611157578125 0.0809658484375 0.614927521875 0.1413013359375
1 0.648003446875 0.3426809328125 0.6482052296874999 0.34268797812499996 0.64845174375 0.281219284375 0.626531990625 0.25039805625 0.6298654625 0.3180481140625 0.648003446875 0.3426809328125
1 0.6948835421874999 0.408944340625 0.7225275890625 0.44092381718749996 0.7204459125 0.384149171875 0.6914251796875 0.3455495796875 0.6948835421874999 0.408944340625
1 0.65844911875 0.503840621875 0.6719930828125 0.520088925 0.67235290625 0.458345384375 0.6511379500000001 0.42161290156250003 0.65844911875 0.503840621875
1 0.7421592796875001 0.6160617187499999 0.7446463421875 0.61614856875 0.74391645625 0.5534984203125 0.714567453125 0.509062825 0.7188459968750001 0.589771325 0.7421592796875001 0.6160617187499999
1 0.701729565625 0.7024449953125 0.7010611296875 0.6737262625 0.6921627078125 0.6333738671875 0.6735492875 0.6153430531249999 0.6853424953125 0.68547144375 0.701729565625 0.7024449953125
1 0.7420343609375 0.6894036765625 0.7367857046874999 0.6764963484375001 0.7563516171875 0.766470828125 0.7787832296875 0.793297809375 0.7782030515625 0.7683709921874999 0.77262753125 0.7198036437499999 0.7420343609375 0.6894036765625
1 0.7209517546875001 0.910393609375 0.7217112703125 0.9104201312500001 0.7184293328125 0.8299626609375 0.6975245937500001 0.8015751546875001 0.7052097828125 0.8930144515625 0.7209517546875001 0.910393609375
1 0.7811770250000001 0.9583598484375001 0.8017491015625 0.9750836375 0.80023444375 0.9100077703125 0.7723852375 0.8882371234375 0.7811770250000001 0.9583598484375001
1 0.771574084375 0.349409940625 0.771107665625 0.3293706875 0.7660393421875 0.302464384375 0.7469708328125 0.2810463609375 0.7572635796875 0.336881921875 0.771574084375 0.349409940625
1 0.795290875 0.5242433140625 0.79710174375 0.5243065515625001 0.786511559375 0.4588806265625 0.767314984375 0.4332065171875 0.77189418125 0.49812520937500004 0.795290875 0.5242433140625
1 0.79336830625 0.61501050625 0.794707109375 0.6725309265625 0.8183739203125 0.6935449874999999 0.814744253125 0.6255187203125 0.7933884546875001 0.5967113484375 0.79336830625 0.61501050625
1 0.8538307359375 0.8650347453125 0.8532412984375 0.8397101265625 0.8432470593750001 0.8001976859375001 0.8184045265625001 0.7748708359375 0.839124225 0.849691475 0.8538307359375 0.8650347453125
1 0.888497634375 0.5118104828125001 0.93925450625 0.5776566375 0.9380350109375 0.5252621468750001 0.8769808390625 0.43967983593750004 0.888497634375 0.5118104828125001
1 1 0.638612025 0.999511871875 0.617640059375 0.9487427374999999 0.549946421875 0.9517946328125 0.6022926390625 1 0.6760227078125001 1 0.638612025
1 0.9555137468750001 0.749971853125 0.9559923250000001 0.7499885640625 0.9567480249999999 0.679192665625 0.9018931562500001 0.5970766000000001 0.9047022703125001 0.6721955546875 0.9555137468750001 0.749971853125
1 1 0.73192179375 0.97206189375 0.6963203859375 0.9863813499999999 0.7660535953125 1 0.780741965625 1 0.73192179375
1 0.9361410234375 0.8514397718750001 0.9959694859375 0.9119004765625001 0.9909010515625001 0.8375227437499999 0.93010666875 0.766699834375 0.9361410234375 0.8514397718750001
1 0.58023946875 0.9830332687500001 0.5793594546875 0.945224278125 0.4345749375 0.8535474734375 0.4514050296875 0.98684848125 0.454148196875 0.9869442749999999 0.58023946875 0.9830332687500001
1 0.4029947890625 0.0140728875 0.3943857703125 0.0140728875 0.47534661875 0.0985563015625 0.4738408625 0.0338628984375 0.4725969140625 0.025552623437499998 0.448222175 0.0156522625 0.4029947890625 0.0140728875
1 0.51777945625 0.0182031828125 0.5782781453125 0.08576557812499999 0.5805361390625 0.0858444296875 0.5782611109375 0.0224238828125 0.51777945625 0.0182031828125