1 0.0951645203125 0.9975116078124999 0.1047672171875 0.997455740625 0.1167911484375 0.8098249109375001 0.0372619546875 0.7423341390625 0.033166223437499996 0.9570473328125001 0.0951645203125 0.9975116078124999
1 0.3706211453125 0.867831815625 0.37753477343749997 0.86779159375 0.3902542203125 0.6929654375000001 0.267108909375 0.529675321875 0.25782219687499996 0.7254020031249999 0.3706211453125 0.867831815625
1 0.151823628125 0.3701142421875 0.061681878125 0.27087106875 0.05063534374999999 0.4889546734375 0.1141378171875 0.5491309125 0.1202132671875 0.5490955671875 0.1418600921875 0.3606968359375 0.151823628125 0.3701142421875
1 0 0.413958475 0.032698628125000004 0.44321124687499996 0.041100004687500004 0.35795207812499996 0.04958048125 0.22561608125000002 0 0.172976490625 0 0.413958475
1 0.289282421875 0.3082884984375 0.41316317968750005 0.4503456671875 0.423477821875 0.2893879046875 0.289914246875 0.11610038125 0.289282421875 0.3082884984375
1 0.0036762625 0 0.15459986875 0.11490892500000001 0.1654940015625 0.0010806234375 0.1655632515625 0 0.0036762625 0
1 0.3423294109375 0 0.4283941875 0.08782563125000001 0.4399231515625 0.008388712500000001 0.440460725 0 0.3423294109375 0
1 0.5540436453125 0.27778717343750003 0.6494171015625 0.3952885671875 0.6579619234375 0.26194848125000003 0.550545378125 0.1037293890625 0.5540436453125 0.27778717343750003
1 0.5281283234374999 0.6353021796875 0.63593380625 0.7763061671875 0.6459735515625 0.6196381265625 0.541630415625 0.452066334375 0.5281283234374999 0.6353021796875
1 0.828746615625 0.6746125890625 0.8314436453124999 0.6745968984374999 0.8411007015624999 0.5239006421875 0.730118784375 0.3772957578125 0.7362688562499999 0.5696841625 0.828746615625 0.6746125890625
1 0.7433728328125 0.2430232203125 0.82981731875 0.3587479921875 0.8402409046875 0.1960902 0.744668009375 0.0478097515625 0.7433728328125 0.2430232203125
1 0.930146153125 0.20679450781250003 0.937794178125 0.0874487390625 0.9376267234375 0.07740641718749999 0.9089563359374999 0.030213315624999997 0.9056729609374999 0.176206578125 0.930146153125 0.20679450781250003
1 0.945519578125 0.11432389843749999 0.9415371609375001 0.15090722031249998 0.9346242546875001 0.258781634375 0.961734725 0.2974167796875 0.9634546343749999 0.2974067734375 0.9813950078125 0.1797826453125 0.945519578125 0.11432389843749999
1 0.90068446875 0.349683746875 0.889172584375 0.5293241953125001 0.9004505234375 0.5411667671875 0.9241420765624999 0.3853039984375 0.9020914296875 0.339619409375 0.90068446875 0.349683746875
1 0.9657864375 0.47055855781249994 0.9380191124999999 0.42052704687500003 0.9371291875000001 0.4370894625 0.9343760203125001 0.4576423546875 0.9292103109375001 0.5382521265625 0.9509301015625 0.5814637968749999 0.9657864375 0.47055855781249994
1 0.8898345593749999 0.8049339109375 0.9424371390624999 0.891057684375 0.9425256390625 0.8910571703124999 0.9514776859375 0.7513623968750001 0.8931530453125 0.6637549953125 0.8898345593749999 0.8049339109375
1 0.71963985 0.7455615390625 0.713748784375 0.92825966875 0.767607890625 0.9951613640625 0.8031916750000001 0.9949543437499999 0.8090491546875 0.8794822890624999 0.71963985 0.7455615390625
1 0.5434562328125 0.9930420265625 0.5576031968749999 0.8917590890625 0.52348496875 0.8389631546875 0.5401901671875 0.9933450718750001 0.5434562328125 0.9930420265625