2 0.11328125 0.01640625 0.2265625 0.0328125
2 0.259375 0.01015625 0.51875 0.0203125
2 0.1421875 0.45078125 0.284375 0.0046875
2 0.27109375 0.35546875 0.5421875 0.0078125
2 0.34453125 0.50078125 0.6890625 0.003125
2 0.14375 0.3578125 0.2875 0.0015625
2 0.21015625 0.565625 0.4203125 0.0078125
2 0.00703125 0.47890625 0.0140625 0.0046875
2 0.10078125 0.6015625 0.2015625 0.003125
2 0.146875 0.65859375 0.29375 0.003125
2 0.2828125 0.6171875 0.565625 0.00625
2 0.43046875 0.6421875 0.8609375 0.0015625
2 0.18828125 0.72890625 0.3765625 0.003125
2 0.2703125 0.73984375 0.540625 0.003125
2 0.1875 0.8390625 0.375 0.0046875
2 0.31484375 0.9125 0.6296875 0.003125
2 0.3515625 0.8625 0.703125 0.0015625
2 0.478125 0.36875 0.95625 0.015625
1 0.403125 0.1484375 0.13125 0.22890625
1 0.52265625 0.3046875 0.09296875 0.1984375
1 0.40234375 0.65078125 0.1515625 0.2421875