1 0.049316531250000004 0.776211815625 0.0504788390625 0.8261493015625 0.10265114374999999 0.8734375 0.10509472500000001 0.8734375 0.1063165515625 0.67417301875 0.10620047968749999 0.669186146875 0.0574073828125 0.6205904015625 0.049316531250000004 0.776211815625
1 0.2180287421875 0.9627754390625001 0.22223177968750002 0.77060410625 0.14638446562500002 0.71111371875 0.14300795 0.773694975 0.14644530625000002 0.92137778125 0.2180287421875 0.9627754390625001
1 0.4730108390625 0.663087340625 0.3478803125 0.5131119015625 0.3522532921875 0.700992978125 0.4674843359375 0.8328125 0.4705463640625 0.8328125 0.4730108390625 0.663087340625
1 0.14807837031249999 0.47108575 0.2181906703125 0.5296875 0.22162335312499998 0.5296875 0.21819070625 0.349130946875 0.2254546015625 0.355188371875 0.2254449421875 0.354773371875 0.13088324375 0.2645121 0.14807837031249999 0.47108575
1 0.0433129109375 0.3168777140625 0.0447577328125 0.37895318125 0.09829514218749999 0.4296875 0.10010816250000001 0.4296875 0.11483428437500001 0.23455308593750002 0.1147234671875 0.2297919609375 0.050766146874999994 0.1589516203125 0.0433129109375 0.3168777140625
1 0.4613728984375 0.43655834687499995 0.46843230468749997 0.2808015765625 0.3345648859375 0.11928059687499999 0.33441426406249997 0.135949696875 0.33839224375 0.3068599359375 0.4613728984375 0.43655834687499995
1 0.042283371874999996 0 0.20023734843750002 0.117544159375 0.206386953125 0.0058840859375 0.20625 0 0.042283371874999996 0
1 0.36430461406250003 0 0.460694028125 0.09003994062500001 0.46798771875 0 0.36430461406250003 0
1 0.6951988859375 0.2636441515625 0.5804226359375 0.1087584421875 0.59526516875 0.2737956578125 0.698187203125 0.39203444374999996 0.6951988859375 0.2636441515625
1 0.7136949359375 0.5883902953125 0.60122618125 0.43890002812500006 0.6107131046875 0.612606209375 0.7170225953125 0.7313601281250001 0.7136949359375 0.5883902953125
1 0.885159978125 0.5121198 0.7734196703125 0.3698015234375 0.779295509375 0.551730753125 0.8710299890625001 0.6515625 0.8731949468750001 0.6515625 0.885159978125 0.5121198
1 0.8622776828125 0.1918424484375 0.7598416171875 0.05700691249999999 0.7791003828124999 0.24196975625 0.8657813796875 0.3423755328125 0.8622776828125 0.1918424484375
1 0.9481572 0.22073004375 0.94280403125 0.086341171875 0.914716025 0.0409656109375 0.914826896875 0.1671043546875 0.915119115625 0.179659225 0.9481572 0.22073004375
1 0.959008565625 0.25278198125 0.9946685015625001 0.2953125 0.9954059828125 0.2953125 0.9981526703125001 0.1828066328125 0.9562006468750001 0.1212918609375 0.95741791875 0.18444129375 0.959008565625 0.25278198125
1 0.960294665625 0.375169428125 0.93334601875 0.33567831875 0.9519411078125 0.5035587015625 0.963538509375 0.51453820625 0.960294665625 0.375169428125
1 1 0.4520009546875 0.97479164375 0.411734078125 0.97569053125 0.42754649999999994 0.9748516890625 0.4635475546875 0.9761491171875001 0.5192903265625 1 0.5604395531249999 1 0.4520009546875
1 1 0.7051465453125 0.9513730640625001 0.6418390734375 0.9575825203124999 0.7753968546875 1 0.8352796218749999 1 0.7051465453125
1 0.8992861812499999 0.8420392484375 0.7943530578125 0.718407134375 0.8179589578125 0.8912484421875 0.9024143656250001 0.9764388328125 0.8992861812499999 0.8420392484375
1 0.6158823703125 0.8054244031250001 0.657678284375 0.9340727531249999 0.655831290625 0.8547183921875 0.6158823703125 0.8054244031250001