1 0.0190238421875 0.6211070624999999 0.005296235937499999 0.7120367359374999 0.0023210749999999997 0.8398617828124999 0.0385048640625 0.8758770546875001 0.042071003125 0.8758355578125 0.063660940625 0.6704068546874999 0.0190238421875 0.6211070624999999
1 0.10407995156250001 0.7130575515625 0.095149984375 0.8783447546875 0.09419341406250001 0.9194428828125 0.16593795312499998 0.9712429984375 0.17663583124999999 0.9711185171875 0.1807050859375 0.7842532624999999 0.10407995156250001 0.7130575515625
1 0.3311878453125 0.6951600828125 0.441823778125 0.8158399453125 0.445589078125 0.6540672578125 0.317181190625 0.5079282640625 0.3311878453125 0.6951600828125
1 0.20133226406250002 0.34311241875 0.1095219265625 0.2611320453125 0.12691645625 0.46923534531250005 0.19713187968749998 0.5235780921875001 0.199368728125 0.427473946875 0.1977198625 0.3411849453125 0.2013125703125 0.3439585875 0.20133226406250002 0.34311241875
1 0.034127417187499995 0.1553591453125 0.0192440859375 0.3141198515625 0.0177642421875 0.377699953125 0.066756625 0.427232265625 0.0715369 0.4271766421875 0.095777215625 0.2285914140625 0.034127417187499995 0.1553591453125
1 0.334062559375 0.2961323234375 0.4556635671875 0.42256576093750003 0.4591749375 0.2717029609375 0.322860015625 0.1122948015625 0.334062559375 0.2961323234375
1 0.0399557109375 0 0.189213478125 0.10234379375 0.1978135515625 0 0.0399557109375 0
1 0.36747633749999997 0 0.4538243546875 0.0868818078125 0.458164884375 0.08683130156249999 0.46181879375 0.0238857078125 0.46237474062499995 0 0.36747633749999997 0
1 0.5706572265625 0.11277934999999999 0.5668824484375 0.27495919999999996 0.65740400625 0.3917072046875 0.6700870812499999 0.25551501249999997 0.5718438890625 0.09773969375 0.5706572265625 0.11277934999999999
1 0.568775965625 0.608016540625 0.6795678578125 0.73547653125 0.683108646875 0.583349778125 0.5766159265625 0.43174075 0.568775965625 0.608016540625
1 0.8472432281250001 0.6430895453125001 0.856061440625 0.6429869359375 0.8675197890625 0.509639696875 0.754840328125 0.359715625 0.7607612046875001 0.5441094453125 0.8472432281250001 0.6430895453125001
1 0.7556404984375 0.043547625 0.7546911609375 0.058174321875000004 0.7504157796875 0.24186215781249998 0.825217634375 0.3574857765625 0.8267438593750001 0.35746801875 0.8393070625 0.194468034375 0.7556404984375 0.043547625
1 0.91597480625 0.165235159375 0.9390010140625 0.19305429999999998 0.9418415703124999 0.071012375 0.9125964703125 0.0255285109375 0.91597480625 0.165235159375
1 0.9513985125 0.23967985781249998 0.984945275 0.2822095671875 0.98775054375 0.282176925 0.9893817984375 0.24322560312500002 0.9911059625 0.16914851875 0.951161890625 0.1070229609375 0.9513985125 0.23967985781249998
1 0.926557421875 0.4919246453125 0.9395608109375001 0.5045690875 0.94287719375 0.3620837359375 0.917650234375 0.3224142046875 0.926557421875 0.4919246453125
1 0.9808490734375 0.5540585984375 0.9868347937499999 0.45225828593750006 0.9547903203124999 0.3993860421875 0.9553249828125001 0.415355509375 0.9529421609375 0.46655722187500004 0.9520420546875 0.5052294359375 0.9793520296875 0.55407601875 0.9808490734375 0.5540585984375
1 0.9222294921874999 0.767165196875 0.9784004812499999 0.8492541609375 0.9815763921875 0.7128040890625 0.9214511484375001 0.6323284046875 0.9222294921874999 0.767165196875
1 0.8435282765625001 0.9836655203125 0.8513924421875 0.9835740124999999 0.8511543359375 0.8423096718749999 0.7588743375 0.7123495109375 0.7624007359375 0.8874938421874999 0.8435282765625001 0.9836655203125
1 0.5747141984375 0.8019590984375 0.5947259484375 0.9645798015624999 0.6081401750000001 0.8548516515625 0.5747141984375 0.8019590984375