1 0.29375 0.284375 0.0296875 0.0328125
1 0.3421875 0.27265625 0.034375 0.0390625
1 0.29140625 0.3265625 0.0328125 0.0359375
1 0.3375 0.31796875 0.0328125 0.0328125
1 0.2875 0.42109375 0.0359375 0.034375
1 0.33359375 0.4109375 0.0375 0.0375
1 0.384375 0.40703125 0.0375 0.0375
1 0.28359375 0.4640625 0.03125 0.03125
1 0.3296875 0.45703125 0.0390625 0.0359375
1 0.37890625 0.45 0.0375 0.0328125
1 0.6828125 0.17734375 0.0296875 0.0265625
1 0.67734375 0.33984375 0.028125 0.028125
1 0.67109375 0.51015625 0.025 0.025
1 0.8203125 0.14296875 0.0328125 0.0546875
1 0.86875 0.1328125 0.0453125 0.0609375
1 0.95859375 0.1171875 0.0390625 0.059375
1 0.84296875 0.29765625 0.115625 0.0890625
1 0.95859375 0.278125 0.06875 0.0859375
1 0.84375 0.49453125 0.1140625 0.078125
1 0.95546875 0.47578125 0.065625 0.075