1 0.02578125 0.13515625 0.0515625 0.0390625
1 0.07890625 0.14921875 0.0421875 0.0375
1 0.01328125 0.17421875 0.0265625 0.0390625
1 0.05234375 0.1890625 0.05625 0.0390625
1 0.01171875 0.27109375 0.0234375 0.040625
1 0.04609375 0.28515625 0.059375 0.04375
1 0.02265625 0.325 0.0453125 0.040625
1 0.4390625 0.203125 0.0421875 0.0296875
1 0.34609375 0.34609375 0.0421875 0.0328125
1 0.25078125 0.4984375 0.046875 0.0328125
1 0.57578125 0.22890625 0.0671875 0.0625
1 0.6265625 0.24140625 0.0625 0.0640625
1 0.70390625 0.26015625 0.0640625 0.0640625
1 0.759375 0.271875 0.0546875 0.0671875
1 0.82421875 0.28671875 0.0578125 0.0671875
1 0.89375 0.30703125 0.0734375 0.071875
1 0.94609375 0.3171875 0.06875 0.0703125
1 0.51640625 0.3765625 0.14375 0.0875
1 0.64921875 0.41640625 0.1421875 0.09375
1 0.8359375 0.46328125 0.1546875 0.1015625
1 0.9515625 0.5015625 0.0828125 0.09375
1 0.890625 0.690625 0.1421875 0.0984375
1 0.73828125 0.640625 0.140625 0.078125