1 0.603125 0.8546875 0.046875 0.034375
1 0.659375 0.85078125 0.0265625 0.021875
1 0.65078125 0.7765625 0.025 0.025
1 0.60546875 0.778125 0.046875 0.03125
1 0.60234375 0.7109375 0.04375 0.028125
1 0.64921875 0.7078125 0.021875 0.0234375
1 0.64296875 0.64375 0.0203125 0.01875
1 0.5984375 0.64765625 0.0390625 0.0265625
1 0.6234375 0.43515625 0.0125 0.015625
1 0.6296875 0.4828125 0.0171875 0.015625
1 0.63203125 0.53046875 0.0171875 0.01875
1 0.63828125 0.5859375 0.015625 0.021875
1 0.58671875 0.440625 0.0375 0.0203125
1 0.590625 0.4875 0.0390625 0.025
1 0.59453125 0.5375 0.0390625 0.025
1 0.5953125 0.59140625 0.040625 0.0265625
1 0.51171875 0.44609375 0.0390625 0.0203125
1 0.51484375 0.49140625 0.0375 0.0234375
1 0.51171875 0.54140625 0.0390625 0.0265625
1 0.5125 0.59296875 0.0421875 0.0296875
1 0.51015625 0.6546875 0.0421875 0.03125
1 0.51171875 0.71640625 0.0484375 0.0296875
1 0.5109375 0.7828125 0.0484375 0.028125
1 0.4046875 0.71796875 0.04375 0.0265625
1 0.41015625 0.65546875 0.040625 0.0296875
1 0.4140625 0.5984375 0.0390625 0.025
1 0.41875 0.546875 0.034375 0.021875
1 0.421875 0.49921875 0.0390625 0.0203125
1 0.42578125 0.45390625 0.0328125 0.01875
1 0.5953125 0.40234375 0.0328125 0.0203125
1 0.66484375 0.39609375 0.0171875 0.0109375
1 0.2890625 0.73515625 0.01875 0.0171875
1 0.2578125 0.734375 0.015625 0.015625
1 0.203125 0.73828125 0.021875 0.0140625
1 0.19453125 0.77109375 0.01875 0.0125
1 0.22265625 0.7703125 0.0140625 0.0125
1 0.2171875 0.80390625 0.015625 0.01875
1 0.19140625 0.80234375 0.0171875 0.0140625
1 0.1515625 0.7734375 0.0171875 0.0125
1 0.2328125 0.8625 0.0296875 0.034375
1 0.0375 0.38046875 0.0109375 0.0109375
1 0.04921875 0.38359375 0.009375 0.0125
1 0.05859375 0.3890625 0.0109375 0.0125
1 0.0140625 0.409375 0.009375 0.0078125
1 0.0078125 0.3734375 0.003125 0.00625
1 0.10859375 0.45078125 0.0078125 0.0078125
1 0.1046875 0.4625 0.009375 0.00625