1 0.01328125 0.521875 0.0265625 0.0453125
1 0.15 0.5265625 0.028125 0.046875
1 0.2203125 0.5296875 0.0234375 0.0359375
1 0.28359375 0.52890625 0.0265625 0.0375
1 0.34140625 0.53046875 0.0234375 0.0328125
1 0.38828125 0.53125 0.021875 0.028125
1 0.43203125 0.5359375 0.01875 0.028125
1 0.72109375 0.44765625 0.009375 0.01875
1 0.70859375 0.4453125 0.0078125 0.015625
1 0.68828125 0.4484375 0.0109375 0.0359375
1 0.66875 0.44453125 0.015625 0.0359375
1 0.64765625 0.43828125 0.0125 0.040625
1 0.62265625 0.43671875 0.015625 0.040625
1 0.69296875 0.54140625 0.0125 0.021875
1 0.66953125 0.54140625 0.0109375 0.0203125
1 0.64921875 0.54140625 0.0125 0.0203125
1 0.6234375 0.53984375 0.0140625 0.025
1 0.53984375 0.5375 0.0140625 0.0234375
1 0.50625 0.53828125 0.0125 0.028125
1 0.5734375 0.540625 0.0140625 0.025
1 0.56015625 0.43046875 0.0296875 0.034375
1 0.53515625 0.4359375 0.0140625 0.01875
1 0.46875 0.4234375 0.0125 0.021875
1 0.43359375 0.4171875 0.021875 0.0265625
1 0.39609375 0.41015625 0.0140625 0.0234375
1 0.35078125 0.403125 0.0125 0.021875
1 0.30546875 0.39609375 0.0375 0.021875
1 0.13984375 0.375 0.0203125 0.0109375
1 0.9609375 0.4109375 0.0046875 0.015625
1 0.753125 0.33125 0.0046875 0.0171875
1 0.73671875 0.33984375 0.009375 0.0171875
1 0.721875 0.3453125 0.0046875 0.0140625
1 0.70546875 0.353125 0.009375 0.01875
1 0.4984375 0.28046875 0.00625 0.009375
1 0.50546875 0.27421875 0.0046875 0.0078125
1 0.51015625 0.2734375 0.0046875 0.0125
1 0.51015625 0.290625 0.0046875 0.0125
1 0.50546875 0.29296875 0.0046875 0.0140625
1 0.5203125 0.28671875 0.009375 0.0125
1 0.52890625 0.28515625 0.0046875 0.0125
1 0.5203125 0.25234375 0.009375 0.0125
1 0.47890625 0.27109375 0.0046875 0.009375
1 0.4828125 0.2703125 0.00625 0.009375
1 0.4734375 0.27734375 0.00625 0.0109375
1 0.46640625 0.28203125 0.0046875 0.009375
1 0.45859375 0.28359375 0.0046875 0.0078125
1 0.4546875 0.2859375 0.003125 0.009375
1 0.43359375 0.30078125 0.0046875 0.0125
1 0.42890625 0.30625 0.003125 0.009375
1 0.425 0.30859375 0.0046875 0.009375
1 0.48203125 0.28828125 0.0046875 0.0109375
1 0.478125 0.2890625 0.003125 0.009375
1 0.4828125 0.3046875 0.003125 0.009375
1 0.478125 0.3078125 0.003125 0.009375
1 0.4828125 0.32265625 0.003125 0.009375
1 0.47890625 0.32421875 0.003125 0.009375
1 0.471875 0.31328125 0.0046875 0.0078125
1 0.465625 0.31640625 0.0046875 0.009375
1 0.45859375 0.3015625 0.0046875 0.0078125
1 0.4546875 0.303125 0.003125 0.0078125
1 0.4578125 0.31875 0.0046875 0.0078125
1 0.45390625 0.31953125 0.003125 0.00625
1 0.49140625 0.284375 0.0046875 0.0078125
1 0.49765625 0.3171875 0.00625 0.0109375
1 0.490625 0.3203125 0.00625 0.0109375
1 0.5046875 0.31171875 0.0046875 0.0109375
1 0.509375 0.309375 0.0046875 0.009375
1 0.50859375 0.25625 0.009375 0.0140625
1 0.52734375 0.24921875 0.0078125 0.0125
1 0.5453125 0.24140625 0.0140625 0.0140625
1 0.51953125 0.32421875 0.009375 0.0125
1 0.52890625 0.32109375 0.00625 0.009375
1 0.565625 0.3359375 0.0046875 0.0078125
1 0.56640625 0.29921875 0.00625 0.009375
1 0.56640625 0.26328125 0.0046875 0.0078125
1 0.50859375 0.328125 0.0046875 0.009375
1 0.50390625 0.3296875 0.0046875 0.009375
1 0.44375 0.31171875 0.00625 0.0109375
1 0.57109375 0.33828125 0.003125 0.0046875