1 0.084375 0.17734375 0.028125 0.025
1 0.06796875 0.3453125 0.0265625 0.0234375
1 0.05 0.525 0.034375 0.0265625
1 0.23046875 0.1515625 0.0390625 0.0578125
1 0.28046875 0.14609375 0.0390625 0.0578125
1 0.36953125 0.13359375 0.0359375 0.0578125
1 0.425 0.128125 0.0390625 0.0609375
1 0.4953125 0.1171875 0.034375 0.0546875
1 0.5640625 0.1078125 0.0375 0.0671875
1 0.625 0.10078125 0.053125 0.0671875
1 0.7234375 0.0890625 0.0421875 0.0625
1 0.77890625 0.0765625 0.053125 0.0625
1 0.2421875 0.3140625 0.1203125 0.0796875
1 0.38671875 0.29765625 0.140625 0.0765625
1 0.58046875 0.27734375 0.1296875 0.0875
1 0.74140625 0.25859375 0.1453125 0.0875
1 0.73515625 0.47421875 0.14375 0.090625
1 0.5734375 0.48359375 0.13125 0.0953125
1 0.36953125 0.50625 0.1328125 0.0953125
1 0.2265625 0.515625 0.134375 0.0921875