1 0.09609375 0.4859375 0.0328125 0.0421875
1 0.23125 0.4890625 0.025 0.04375
1 0.296875 0.490625 0.01875 0.034375
1 0.35625 0.48984375 0.021875 0.034375
1 0.409375 0.490625 0.01875 0.0296875
1 0.45390625 0.490625 0.0171875 0.025
1 0.4953125 0.49375 0.015625 0.0265625
1 0.75703125 0.409375 0.00625 0.01875
1 0.7453125 0.4078125 0.0046875 0.0140625
1 0.7265625 0.41015625 0.0078125 0.034375
1 0.7078125 0.40625 0.0109375 0.0328125
1 0.6875 0.4015625 0.009375 0.0359375
1 0.66484375 0.40078125 0.0125 0.0359375
1 0.7390625 0.49609375 0.009375 0.0203125
1 0.7171875 0.496875 0.009375 0.0203125
1 0.6984375 0.496875 0.009375 0.01875
1 0.67421875 0.49609375 0.0109375 0.0234375
1 0.5953125 0.49453125 0.0109375 0.021875
1 0.56484375 0.4953125 0.0109375 0.0265625
1 0.628125 0.496875 0.0125 0.0234375
1 0.60625 0.3953125 0.025 0.0328125
1 0.58203125 0.40078125 0.0125 0.01875
1 0.5203125 0.3890625 0.009375 0.0203125
1 0.48671875 0.384375 0.01875 0.0234375
1 0.45078125 0.37890625 0.0125 0.021875
1 0.40859375 0.371875 0.0125 0.021875
1 0.365625 0.365625 0.0328125 0.01875
1 0.209375 0.3484375 0.0171875 0.0109375
1 0.9828125 0.3734375 0.009375 0.0140625
1 0.778125 0.30078125 0.0046875 0.0171875
1 0.76328125 0.30859375 0.009375 0.015625
1 0.75 0.3140625 0.003125 0.0125
1 0.73515625 0.321875 0.009375 0.0171875
1 0.5359375 0.25625 0.00625 0.009375
1 0.5421875 0.25078125 0.003125 0.0078125
1 0.54609375 0.24921875 0.003125 0.0125
1 0.54765625 0.265625 0.0046875 0.0109375
1 0.54375 0.26796875 0.003125 0.0125
1 0.55703125 0.2625 0.0078125 0.0125
1 0.56484375 0.26015625 0.0046875 0.0109375
1 0.55390625 0.2296875 0.0078125 0.0125
1 0.5171875 0.2484375 0.003125 0.009375
1 0.52109375 0.24609375 0.0046875 0.009375
1 0.51171875 0.25390625 0.0046875 0.0109375
1 0.50625 0.2578125 0.003125 0.0078125
1 0.49921875 0.26015625 0.003125 0.009375
1 0.4953125 0.26171875 0.003125 0.009375
1 0.47734375 0.27578125 0.0046875 0.009375
1 0.47265625 0.28046875 0.003125 0.009375
1 0.46875 0.28359375 0.003125 0.009375
1 0.521875 0.26328125 0.003125 0.009375
1 0.51796875 0.26484375 0.003125 0.0078125
1 0.52265625 0.27890625 0.003125 0.0078125
1 0.51953125 0.28125 0.0015625 0.009375
1 0.52421875 0.2953125 0.003125 0.0078125
1 0.5203125 0.296875 0.003125 0.0078125
1 0.5140625 0.28671875 0.00625 0.0078125
1 0.5078125 0.2890625 0.003125 0.009375
1 0.5 0.2765625 0.003125 0.0078125
1 0.496875 0.27734375 0.003125 0.0078125
1 0.50078125 0.2921875 0.0046875 0.0078125
1 0.49765625 0.29296875 0.0015625 0.00625
1 0.5296875 0.26015625 0.003125 0.0078125
1 0.53828125 0.28984375 0.0046875 0.009375
1 0.53203125 0.29296875 0.0046875 0.009375
1 0.54375 0.2859375 0.003125 0.009375
1 0.5484375 0.2828125 0.00625 0.0078125
1 0.54296875 0.234375 0.0078125 0.0125
1 0.5609375 0.2265625 0.0078125 0.0125
1 0.5765625 0.21953125 0.0125 0.0140625
1 0.559375 0.29609375 0.009375 0.0109375
1 0.5671875 0.29375 0.00625 0.009375
1 0.60390625 0.30625 0.003125 0.0078125
1 0.60078125 0.271875 0.0046875 0.0078125
1 0.59765625 0.23984375 0.0046875 0.0078125
1 0.54921875 0.3 0.003125 0.009375
1 0.5453125 0.3015625 0.003125 0.0078125
1 0.4875 0.2859375 0.0046875 0.009375
1 0.60859375 0.309375 0.003125 0.0046875