1 0.75078125 0.18515625 0.0421875 0.046875
1 0.67578125 0.1875 0.059375 0.0640625
1 0.48984375 0.18046875 0.0375 0.0578125
1 0.42109375 0.18125 0.0390625 0.0578125
1 0.2375 0.1765625 0.0328125 0.0515625
1 0.17265625 0.178125 0.034375 0.0421875
1 0.18515625 0.54609375 0.04375 0.046875
1 0.2578125 0.54921875 0.0328125 0.0515625
1 0.43671875 0.553125 0.046875 0.053125
1 0.50390625 0.55234375 0.0359375 0.04375
1 0.6921875 0.5640625 0.0375 0.0453125
1 0.76640625 0.56015625 0.0390625 0.05625
1 0.715625 0.9421875 0.04375 0.046875
1 0.784375 0.9421875 0.0421875 0.0609375