1 0.52109375 0.3390625 0.04375 0.0421875
1 0.584375 0.35859375 0.040625 0.040625
1 0.51484375 0.3953125 0.053125 0.05
1 0.5828125 0.41875 0.0375 0.0515625
1 0.515625 0.53828125 0.0546875 0.059375
1 0.57734375 0.55703125 0.0453125 0.0484375
1 0.64375 0.5703125 0.0390625 0.0515625
1 0.5109375 0.6046875 0.0453125 0.0484375
1 0.58125 0.62109375 0.040625 0.046875
1 0.6453125 0.63671875 0.0390625 0.0546875
1 0.51015625 0.75859375 0.046875 0.0578125
1 0.578125 0.765625 0.0515625 0.05
1 0.64453125 0.778125 0.04375 0.05
1 0.50859375 0.828125 0.0484375 0.05625
1 0.578125 0.8375 0.0484375 0.0546875
1 0.64609375 0.85 0.0453125 0.0515625
1 0.709375 0.78984375 0.0453125 0.0515625