1 0.1359375 0.2515625 0.040625 0.059375
1 0.20078125 0.2546875 0.0359375 0.053125
1 0.26640625 0.25859375 0.0375 0.0609375
1 0.13984375 0.41953125 0.0328125 0.046875
1 0.2015625 0.42421875 0.0296875 0.0453125
1 0.27109375 0.428125 0.0375 0.053125
1 0.13984375 0.59140625 0.0359375 0.0484375
1 0.209375 0.59140625 0.04375 0.0546875
1 0.2734375 0.58984375 0.0375 0.0515625
1 0.27890625 0.76171875 0.0328125 0.0421875
1 0.4109375 0.4421875 0.04375 0.05625
1 0.415625 0.60859375 0.0421875 0.0484375
1 0.4171875 0.78828125 0.0453125 0.0546875
1 0.534375 0.38671875 0.0203125 0.0859375
1 0.54140625 0.5390625 0.0203125 0.09375
1 0.5453125 0.7 0.01875 0.075
1 0.68984375 0.46484375 0.0390625 0.090625
1 0.809375 0.4703125 0.0484375 0.103125
1 0.809375 0.62578125 0.040625 0.10625
1 0.81875 0.76640625 0.0484375 0.0984375
1 0.59609375 0.45546875 0.0875 0.0609375
1 0.60234375 0.61953125 0.0953125 0.0828125