1 0.13984375 0.2484375 0.0421875 0.059375
1 0.20546875 0.253125 0.0359375 0.053125
1 0.271875 0.26015625 0.0390625 0.0625
1 0.14765625 0.41796875 0.0359375 0.0484375
1 0.20859375 0.42421875 0.03125 0.0453125
1 0.27890625 0.4296875 0.0390625 0.053125
1 0.15078125 0.58984375 0.0359375 0.0515625
1 0.2203125 0.5921875 0.04375 0.05625
1 0.284375 0.5921875 0.0375 0.053125
1 0.29296875 0.76484375 0.0328125 0.04375
1 0.4203125 0.4484375 0.0453125 0.059375
1 0.42890625 0.615625 0.0421875 0.05
1 0.4328125 0.7953125 0.046875 0.0578125
1 0.54296875 0.3953125 0.021875 0.0859375
1 0.553125 0.5484375 0.021875 0.0953125
1 0.559375 0.71015625 0.01875 0.075
1 0.70078125 0.47890625 0.040625 0.0921875
1 0.82109375 0.4875 0.05 0.1046875
1 0.82421875 0.64375 0.04375 0.1078125
1 0.8359375 0.78515625 0.0515625 0.1
1 0.60703125 0.4671875 0.0890625 0.0640625
1 0.615625 0.63125 0.0984375 0.084375