1 0.653125 0.8234375 0.046875 0.0375
1 0.70859375 0.81640625 0.028125 0.0234375
1 0.69609375 0.74296875 0.025 0.0265625
1 0.65078125 0.74765625 0.0484375 0.034375
1 0.64375 0.68125 0.0453125 0.03125
1 0.68984375 0.675 0.021875 0.025
1 0.68046875 0.6125 0.0203125 0.0203125
1 0.63671875 0.61875 0.040625 0.028125
1 0.64921875 0.40703125 0.0125 0.0171875
1 0.6578125 0.453125 0.0171875 0.015625
1 0.66328125 0.50078125 0.0171875 0.0203125
1 0.671875 0.55546875 0.0171875 0.021875
1 0.6125 0.4140625 0.0390625 0.0234375
1 0.61953125 0.46171875 0.0390625 0.0265625
1 0.62578125 0.5109375 0.0390625 0.0265625
1 0.63046875 0.5640625 0.040625 0.028125
1 0.5390625 0.42578125 0.040625 0.0234375
1 0.54453125 0.47109375 0.0390625 0.025
1 0.54453125 0.5203125 0.040625 0.0296875
1 0.5484375 0.57109375 0.04375 0.03125
1 0.54921875 0.63203125 0.04375 0.034375
1 0.5546875 0.69296875 0.0484375 0.03125
1 0.5578125 0.75859375 0.0484375 0.03125
1 0.44921875 0.70234375 0.0453125 0.028125
1 0.45 0.63984375 0.0421875 0.0328125
1 0.45078125 0.58359375 0.0390625 0.0265625
1 0.453125 0.53203125 0.0359375 0.0234375
1 0.453125 0.484375 0.0390625 0.0234375
1 0.45390625 0.4390625 0.0328125 0.0203125
1 0.61875 0.37578125 0.0359375 0.0234375
1 0.6875 0.36484375 0.0171875 0.0109375
1 0.334375 0.72734375 0.0203125 0.0171875
1 0.30390625 0.72890625 0.0171875 0.015625
1 0.25078125 0.73671875 0.0234375 0.0140625
1 0.24375 0.76875 0.01875 0.0140625
1 0.27109375 0.76640625 0.0140625 0.0125
1 0.2671875 0.80078125 0.0171875 0.01875
1 0.2421875 0.80078125 0.0171875 0.015625
1 0.2015625 0.775 0.0171875 0.0140625
1 0.28671875 0.8578125 0.03125 0.0359375
1 0.06484375 0.39375 0.0125 0.0125
1 0.07734375 0.39609375 0.0078125 0.0125
1 0.08671875 0.40078125 0.0125 0.0109375
1 0.04453125 0.4234375 0.009375 0.0078125
1 0.034375 0.41875 0.0046875 0.009375
1 0.034375 0.38984375 0.009375 0.00625
1 0.13984375 0.45859375 0.009375 0.0078125
1 0.13671875 0.46953125 0.0109375 0.00625