1 0.09765625 0.19609375 0.028125 0.0265625
1 0.09765625 0.36328125 0.0265625 0.0234375
1 0.096875 0.5421875 0.0328125 0.0296875
1 0.240625 0.1640625 0.040625 0.059375
1 0.290625 0.15703125 0.040625 0.05625
1 0.378125 0.14140625 0.0375 0.059375
1 0.43203125 0.134375 0.0375 0.0609375
1 0.50078125 0.1203125 0.0328125 0.0546875
1 0.56875 0.10703125 0.0375 0.06875
1 0.6296875 0.0984375 0.053125 0.0703125
1 0.7265625 0.08203125 0.0421875 0.0640625
1 0.78125 0.06796875 0.053125 0.0640625
1 0.26796875 0.32578125 0.1203125 0.084375
1 0.4109375 0.30390625 0.1390625 0.08125
1 0.60234375 0.275 0.1296875 0.0921875
1 0.76171875 0.25078125 0.1453125 0.09375
1 0.7765625 0.4640625 0.14375 0.096875
1 0.61640625 0.48046875 0.13125 0.0984375
1 0.41484375 0.5109375 0.1328125 0.1
1 0.27265625 0.5265625 0.134375 0.096875