1 0.5375 0.32109375 0.0421875 0.0390625
1 0.59765625 0.33828125 0.040625 0.0375
1 0.53046875 0.37578125 0.05 0.0453125
1 0.596875 0.39453125 0.0359375 0.046875
1 0.53125 0.51171875 0.053125 0.0546875
1 0.58984375 0.5265625 0.04375 0.0453125
1 0.653125 0.5375 0.0375 0.046875
1 0.5265625 0.575 0.04375 0.04375
1 0.59296875 0.5875 0.0375 0.0421875
1 0.65390625 0.6015625 0.0375 0.05
1 0.52421875 0.721875 0.0453125 0.053125
1 0.58984375 0.72578125 0.0484375 0.0453125
1 0.65234375 0.7359375 0.04375 0.0484375
1 0.5234375 0.78828125 0.046875 0.053125
1 0.5890625 0.79453125 0.046875 0.0515625
1 0.65390625 0.8046875 0.04375 0.0484375
1 0.71484375 0.7453125 0.04375 0.0453125