1 0.52265625 0.34453125 0.04375 0.040625
1 0.58515625 0.36171875 0.0421875 0.0390625
1 0.515625 0.40078125 0.053125 0.046875
1 0.584375 0.4203125 0.0375 0.0484375
1 0.5171875 0.54296875 0.0546875 0.0546875
1 0.57734375 0.55703125 0.04375 0.0453125
1 0.64296875 0.5671875 0.040625 0.0484375
1 0.5109375 0.6078125 0.046875 0.0453125
1 0.58046875 0.6203125 0.0390625 0.04375
1 0.64375 0.63359375 0.0390625 0.0515625
1 0.51015625 0.759375 0.046875 0.0546875
1 0.5765625 0.7625 0.0515625 0.046875
1 0.6421875 0.771875 0.0453125 0.0484375
1 0.5078125 0.828125 0.0484375 0.053125
1 0.5765625 0.8328125 0.0484375 0.053125
1 0.64375 0.84296875 0.046875 0.0484375
1 0.70625 0.78125 0.0453125 0.0484375