1 0.7 0.05234375 0.06875 0.028125
1 0.07109375 0.19609375 0.0203125 0.025
1 0.10546875 0.19921875 0.0203125 0.0265625
1 0.20625 0.20625 0.0203125 0.0265625
1 0.24453125 0.2109375 0.0171875 0.0265625
1 0.346875 0.21796875 0.01875 0.0296875
1 0.38515625 0.21796875 0.0234375 0.0265625
1 0.6734375 0.259375 0.065625 0.053125
1 0.32734375 0.41875 0.01875 0.0296875
1 0.36484375 0.42109375 0.01875 0.025
1 0.98046875 0.17421875 0.025 0.10625
1 0.946875 0.38203125 0.0234375 0.0953125
1 0.65078125 0.484375 0.08125 0.065625
1 0.22421875 0.409375 0.034375 0.03125