1 0.225 0.25703125 0.03125 0.034375
1 0.278125 0.24375 0.0375 0.040625
1 0.22265625 0.30390625 0.0359375 0.040625
1 0.27265625 0.2921875 0.034375 0.0375
1 0.2203125 0.40546875 0.0390625 0.0375
1 0.2703125 0.39375 0.040625 0.0421875
1 0.32578125 0.3875 0.040625 0.040625
1 0.21640625 0.45234375 0.0328125 0.034375
1 0.265625 0.44375 0.040625 0.040625
1 0.31953125 0.43515625 0.040625 0.0375
1 0.6453125 0.134375 0.03125 0.0296875
1 0.64140625 0.31015625 0.028125 0.0296875
1 0.63671875 0.49453125 0.0265625 0.028125
1 0.79453125 0.09453125 0.034375 0.059375
1 0.846875 0.0828125 0.046875 0.06875
1 0.94375 0.0640625 0.0421875 0.065625
1 0.990625 0.0484375 0.015625 0.065625
1 0.8203125 0.2609375 0.125 0.0984375
1 0.95234375 0.23671875 0.0890625 0.0953125
1 0.82421875 0.47421875 0.121875 0.0875
1 0.95234375 0.4515625 0.084375 0.084375