1 0.82890625 0.321875 0.0640625 0.034375
1 0.8359375 0.43203125 0.0671875 0.0421875
1 0.84140625 0.5390625 0.06875 0.0359375
1 0.84921875 0.64453125 0.0625 0.0421875
1 0.2296875 0.6328125 0.0734375 0.04375
1 0.22890625 0.5109375 0.0828125 0.0421875
1 0.228125 0.39140625 0.0796875 0.04375
1 0.22890625 0.275 0.06875 0.0390625
1 0.0984375 0.07109375 0.0296875 0.0265625
1 0.09921875 0.12578125 0.034375 0.025
1 0.09765625 0.0140625 0.0390625 0.0234375
1 0.0328125 0.01171875 0.0421875 0.0234375
1 0.0296875 0.065625 0.040625 0.025
1 0.03125 0.12421875 0.0390625 0.028125