1 0.13203125 0.2140625 0.0390625 0.0609375
1 0.19921875 0.2140625 0.0359375 0.0546875
1 0.26796875 0.215625 0.0359375 0.065625
1 0.12890625 0.38828125 0.034375 0.05
1 0.19296875 0.39140625 0.028125 0.0484375
1 0.2640625 0.390625 0.0359375 0.0578125
1 0.121875 0.56796875 0.034375 0.0546875
1 0.19375 0.5640625 0.04375 0.059375
1 0.26015625 0.56015625 0.0359375 0.0578125
1 0.259375 0.73828125 0.03125 0.0453125
1 0.409375 0.39921875 0.0421875 0.0609375
1 0.40703125 0.571875 0.0421875 0.0515625
1 0.4015625 0.75859375 0.04375 0.059375
1 0.53984375 0.33515625 0.0171875 0.0890625
1 0.540625 0.49375 0.0171875 0.1
1 0.5375 0.66015625 0.015625 0.078125
1 0.69765625 0.409375 0.0359375 0.0953125
1 0.82109375 0.409375 0.0453125 0.1078125
1 0.81484375 0.57109375 0.0375 0.1125
1 0.81875 0.71640625 0.046875 0.1046875
1 0.60078125 0.40390625 0.0875 0.06875
1 0.6 0.57421875 0.096875 0.090625