1 0.609375 0.296875 0.04375 0.05625
1 0.528125 0.303125 0.0265625 0.0625
1 0.25234375 0.46953125 0.05 0.0453125
1 0.234375 0.13515625 0.0421875 0.03125
1 0.16796875 0.27265625 0.040625 0.059375
1 0.12734375 0.03125 0.0421875 0.05
1 0.04453125 0.03515625 0.05 0.0484375
1 0.72578125 0.22734375 0.0875 0.0921875
1 0.81875 0.22265625 0.0796875 0.0796875
1 0.89921875 0.21484375 0.053125 0.0640625
1 0.9015625 0.4078125 0.059375 0.075
1 0.82421875 0.45078125 0.0703125 0.0953125
1 0.7140625 0.48046875 0.0703125 0.0828125