1 0.73125 0.20703125 0.0421875 0.0484375
1 0.6546875 0.20390625 0.0578125 0.0671875
1 0.465625 0.1890625 0.0359375 0.0609375
1 0.39609375 0.1859375 0.0375 0.0609375
1 0.21015625 0.17265625 0.03125 0.0546875
1 0.14375 0.171875 0.034375 0.0453125
1 0.1046875 0.54453125 0.04375 0.05
1 0.178125 0.5515625 0.03125 0.0546875
1 0.359375 0.56328125 0.046875 0.05625
1 0.42734375 0.5671875 0.034375 0.046875
1 0.6171875 0.58671875 0.0375 0.0484375
1 0.69375 0.58671875 0.0375 0.059375
1 0.5875 0.9703125 0.0421875 0.05
1 0.65703125 0.97109375 0.040625 0.0578125