1 0.59453125 0.24296875 0.0484375 0.0546875
1 0.509375 0.25546875 0.0296875 0.0609375
1 0.2078125 0.44375 0.0546875 0.04375
1 0.21953125 0.09921875 0.04375 0.03125
1 0.13828125 0.2453125 0.0453125 0.0609375
1 0.1171875 0.01171875 0.04375 0.021875
1 0.03125 0.01484375 0.053125 0.0296875
1 0.72265625 0.1640625 0.0953125 0.090625
1 0.81953125 0.15390625 0.084375 0.078125
1 0.903125 0.140625 0.0578125 0.0640625
1 0.88828125 0.340625 0.0640625 0.0734375
1 0.80390625 0.3890625 0.078125 0.0953125
1 0.68671875 0.4265625 0.078125 0.08125