1 0.034375 0.14140625 0.053125 0.0375
1 0.08828125 0.1515625 0.040625 0.0359375
1 0.02109375 0.18046875 0.0359375 0.0375
1 0.06328125 0.1921875 0.0546875 0.0375
1 0.021875 0.275 0.034375 0.040625
1 0.0609375 0.28515625 0.0578125 0.04375
1 0.03359375 0.3265625 0.05625 0.0390625
1 0.440625 0.17265625 0.0421875 0.0296875
1 0.3546875 0.31953125 0.0421875 0.03125
1 0.26796875 0.47578125 0.0453125 0.03125
1 0.57578125 0.18515625 0.065625 0.0609375
1 0.625 0.19296875 0.0609375 0.0609375
1 0.70078125 0.20546875 0.0625 0.0609375
1 0.7546875 0.21171875 0.053125 0.065625
1 0.81875 0.22109375 0.0578125 0.0640625
1 0.88671875 0.23515625 0.071875 0.0703125
1 0.93828125 0.23984375 0.0671875 0.0671875
1 0.521875 0.334375 0.1390625 0.084375
1 0.653125 0.36171875 0.1390625 0.090625
1 0.8359375 0.3921875 0.1515625 0.0984375
1 0.9546875 0.4171875 0.090625 0.0921875
1 0.89609375 0.60859375 0.1375 0.0953125
1 0.746875 0.57265625 0.1359375 0.075