1 0.9046875 0.64921875 0.021875 0.0296875
1 0.96875 0.65625 0.0296875 0.0265625
1 0.96484375 0.59375 0.0296875 0.028125
1 0.903125 0.590625 0.0171875 0.028125
1 0.96015625 0.53671875 0.0296875 0.021875
1 0.56796875 0.58203125 0.025 0.03125
1 0.5078125 0.58359375 0.0296875 0.028125
1 0.47890625 0.58203125 0.0109375 0.0203125
1 0.571875 0.5046875 0.03125 0.034375
1 0.515625 0.51328125 0.0296875 0.0328125
1 0.4875 0.515625 0.0140625 0.0265625
1 0.5765625 0.43203125 0.028125 0.0359375
1 0.51796875 0.44453125 0.0296875 0.034375
1 0.4890625 0.45 0.0125 0.0203125
1 0.5828125 0.3609375 0.028125 0.0359375
1 0.52265625 0.38125 0.03125 0.034375
1 0.49375 0.3890625 0.015625 0.025
1 0.528125 0.31640625 0.028125 0.0359375
1 0.50078125 0.32734375 0.0140625 0.0234375
1 0.540625 0.1375 0.034375 0.040625
1 0.5125 0.15703125 0.0140625 0.021875
1 0.48671875 0.17421875 0.0265625 0.0328125
1 0.45703125 0.15078125 0.021875 0.034375
1 0.42734375 0.16953125 0.0203125 0.03125
1 0.44921875 0.2015625 0.0171875 0.034375
1 0.48203125 0.2296875 0.01875 0.0359375
1 0.503125 0.27109375 0.0125 0.0296875
1 0.478125 0.28515625 0.021875 0.0359375
1 0.4390625 0.30390625 0.021875 0.0328125
1 0.4453125 0.25234375 0.0171875 0.034375
1 0.403125 0.1921875 0.0140625 0.0265625
1 0.37578125 0.2109375 0.0125 0.028125
1 0.39765625 0.23828125 0.0171875 0.0328125
1 0.3734375 0.2515625 0.0171875 0.021875
1 0.39296875 0.28359375 0.01875 0.0265625