1 0.61953125 0.93125 0.0484375 0.0390625
1 0.67890625 0.93125 0.028125 0.025
1 0.67265625 0.853125 0.025 0.0265625
1 0.62421875 0.8515625 0.0484375 0.0359375
1 0.6234375 0.78046875 0.0453125 0.0328125
1 0.671875 0.78046875 0.021875 0.0265625
1 0.66796875 0.7125 0.0203125 0.0203125
1 0.62109375 0.7140625 0.0421875 0.0296875
1 0.65390625 0.49296875 0.0125 0.0171875
1 0.65859375 0.54296875 0.0171875 0.0171875
1 0.66015625 0.59375 0.0171875 0.0203125
1 0.66484375 0.6515625 0.015625 0.021875
1 0.61484375 0.49609375 0.040625 0.0234375
1 0.6171875 0.54609375 0.040625 0.028125
1 0.6203125 0.5984375 0.040625 0.028125
1 0.6203125 0.65546875 0.0421875 0.0296875
1 0.5359375 0.496875 0.040625 0.025
1 0.5375 0.54609375 0.040625 0.025
1 0.53359375 0.59765625 0.0421875 0.03125
1 0.5328125 0.6515625 0.04375 0.03125
1 0.528125 0.71640625 0.04375 0.034375
1 0.528125 0.78046875 0.05 0.0328125
1 0.52578125 0.85078125 0.05 0.0328125
1 0.415625 0.7765625 0.0453125 0.0296875
1 0.42265625 0.7109375 0.0421875 0.0328125
1 0.4296875 0.6515625 0.040625 0.028125
1 0.43515625 0.59765625 0.034375 0.025
1 0.43984375 0.54765625 0.040625 0.0234375
1 0.44609375 0.50078125 0.034375 0.021875
1 0.62578125 0.45703125 0.0359375 0.0234375
1 0.6984375 0.45390625 0.01875 0.0125
1 0.29375 0.7875 0.0203125 0.01875
1 0.26171875 0.784375 0.015625 0.0171875
1 0.203125 0.78515625 0.021875 0.015625
1 0.19375 0.81875 0.01875 0.0140625
1 0.22265625 0.81953125 0.0140625 0.0140625
1 0.21484375 0.8546875 0.015625 0.0203125
1 0.18828125 0.85234375 0.0171875 0.0171875
1 0.1484375 0.81953125 0.01875 0.0140625
1 0.23046875 0.91796875 0.03125 0.0375
1 0.03984375 0.39921875 0.0109375 0.0125
1 0.0515625 0.40390625 0.009375 0.0140625
1 0.06171875 0.41015625 0.0109375 0.0125
1 0.01484375 0.428125 0.009375 0.0078125
1 0.00390625 0.421875 0.0078125 0.0109375
1 0.00625 0.39140625 0.0125 0.0078125
1 0.1125 0.478125 0.009375 0.0078125
1 0.10859375 0.48984375 0.0109375 0.0078125