1 0.87421875 0.54296875 0.0234375 0.028125
1 0.9390625 0.540625 0.03125 0.0265625
1 0.93125 0.47734375 0.03125 0.0265625
1 0.86953125 0.48359375 0.01875 0.028125
1 0.92421875 0.4203125 0.03125 0.0203125
1 0.53125 0.521875 0.0265625 0.0328125
1 0.47109375 0.5328125 0.03125 0.0265625
1 0.44140625 0.534375 0.0125 0.0203125
1 0.53125 0.44296875 0.034375 0.034375
1 0.47421875 0.459375 0.0328125 0.03125
1 0.44609375 0.46640625 0.015625 0.0265625
1 0.53203125 0.3671875 0.0296875 0.0359375
1 0.4734375 0.38984375 0.0328125 0.0328125
1 0.4453125 0.39921875 0.0140625 0.01875
1 0.534375 0.2953125 0.03125 0.0359375
1 0.475 0.325 0.034375 0.0359375
1 0.44609375 0.3375 0.0171875 0.025
1 0.47734375 0.2578125 0.03125 0.0359375
1 0.45078125 0.27265625 0.0171875 0.0234375
1 0.48046875 0.075 0.0375 0.040625
1 0.45234375 0.09921875 0.0140625 0.021875
1 0.428125 0.11953125 0.028125 0.0328125
1 0.39609375 0.1 0.0234375 0.034375
1 0.36796875 0.1234375 0.021875 0.0296875
1 0.39140625 0.15234375 0.01875 0.034375
1 0.4265625 0.1765625 0.0203125 0.034375
1 0.45 0.21640625 0.0140625 0.0296875
1 0.425 0.2328125 0.0234375 0.0359375
1 0.38671875 0.25859375 0.0234375 0.0328125
1 0.38984375 0.2046875 0.01875 0.0328125
1 0.34453125 0.14921875 0.0171875 0.0265625
1 0.31796875 0.17265625 0.0140625 0.028125
1 0.340625 0.19765625 0.01875 0.0328125
1 0.31796875 0.21484375 0.0203125 0.021875
1 0.33828125 0.24375 0.0203125 0.0265625