1 0.8609375 0.52734375 0.0234375 0.028125
1 0.92578125 0.52265625 0.0296875 0.0265625
1 0.9203125 0.4609375 0.0296875 0.028125
1 0.85859375 0.46796875 0.01875 0.028125
1 0.91484375 0.403125 0.0296875 0.021875
1 0.521875 0.51484375 0.0265625 0.0328125
1 0.46171875 0.52578125 0.0296875 0.028125
1 0.43203125 0.52890625 0.0109375 0.0203125
1 0.52421875 0.43515625 0.0328125 0.034375
1 0.4671875 0.45390625 0.03125 0.0328125
1 0.4390625 0.4609375 0.0140625 0.0265625
1 0.52734375 0.36015625 0.028125 0.0359375
1 0.46953125 0.38359375 0.0296875 0.034375
1 0.440625 0.39453125 0.0125 0.0203125
1 0.5328125 0.2890625 0.0296875 0.0359375
1 0.47265625 0.31953125 0.0328125 0.0359375
1 0.44296875 0.33203125 0.0171875 0.0234375
1 0.47734375 0.25234375 0.0296875 0.0359375
1 0.45 0.2671875 0.015625 0.0234375
1 0.48671875 0.0703125 0.0359375 0.040625
1 0.45859375 0.09453125 0.0140625 0.021875
1 0.43359375 0.115625 0.0265625 0.0328125
1 0.40234375 0.096875 0.021875 0.0359375
1 0.3734375 0.121875 0.0203125 0.0296875
1 0.3953125 0.14921875 0.0171875 0.0328125
1 0.4296875 0.17265625 0.0203125 0.034375
1 0.4515625 0.21171875 0.0140625 0.03125
1 0.4265625 0.228125 0.0234375 0.0359375
1 0.3875 0.25546875 0.0234375 0.0328125
1 0.3921875 0.2015625 0.01875 0.0328125
1 0.34921875 0.14765625 0.015625 0.028125
1 0.32265625 0.17109375 0.0140625 0.028125
1 0.34453125 0.1953125 0.0171875 0.0328125
1 0.3203125 0.2125 0.0171875 0.021875
1 0.340625 0.24140625 0.01875 0.0265625