1 0.25390625 0.325 0.0328125 0.0328125
1 0.30546875 0.3140625 0.0375 0.0390625
1 0.2546875 0.37109375 0.0375 0.0390625
1 0.30390625 0.36328125 0.0359375 0.0359375
1 0.25859375 0.47265625 0.040625 0.0359375
1 0.3078125 0.4640625 0.040625 0.0390625
1 0.3625 0.46015625 0.0421875 0.0390625
1 0.2578125 0.51953125 0.034375 0.0328125
1 0.3078125 0.51328125 0.0421875 0.0375
1 0.36015625 0.50625 0.0421875 0.0359375
1 0.66484375 0.2234375 0.03125 0.028125
1 0.67265625 0.3984375 0.0296875 0.028125
1 0.68125 0.58125 0.0296875 0.0265625
1 0.8109375 0.18984375 0.0375 0.0578125
1 0.86171875 0.18125 0.05 0.065625
1 0.95703125 0.1671875 0.0453125 0.0640625
1 0.99609375 0.15234375 0.0078125 0.0640625
1 0.8484375 0.35703125 0.128125 0.0921875
1 0.96640625 0.3390625 0.0671875 0.090625
1 0.86640625 0.56875 0.125 0.0828125
1 0.975 0.55234375 0.05 0.0796875