1 0.73515625 0.2109375 0.040625 0.0484375
1 0.659375 0.21015625 0.0546875 0.065625
1 0.47109375 0.1984375 0.0359375 0.059375
1 0.40078125 0.196875 0.0359375 0.0609375
1 0.21640625 0.1859375 0.0296875 0.053125
1 0.15 0.18671875 0.0328125 0.0453125
1 0.1390625 0.5578125 0.0421875 0.0484375
1 0.21328125 0.56328125 0.0296875 0.053125
1 0.39375 0.57265625 0.0453125 0.0546875
1 0.46171875 0.57421875 0.0328125 0.0453125
1 0.65078125 0.590625 0.034375 0.0484375
1 0.7265625 0.58984375 0.0359375 0.0578125
1 0.65 0.971875 0.040625 0.0484375
1 0.71953125 0.971875 0.040625 0.05625