1 0.02421875 0.0890625 0.0375 0.0375
1 0.071875 0.10078125 0.046875 0.0390625
1 0.01484375 0.13046875 0.0125 0.0390625
1 0.04765625 0.14375 0.0625 0.0390625
1 0.021875 0.2328125 0.0109375 0.040625
1 0.05078125 0.2453125 0.065625 0.0453125
1 0.0375 0.28828125 0.034375 0.0390625
1 0.45703125 0.1328125 0.046875 0.03125
1 0.37265625 0.2890625 0.046875 0.034375
1 0.2875 0.45703125 0.0515625 0.034375
1 0.60390625 0.15 0.075 0.0640625
1 0.6578125 0.159375 0.0703125 0.0640625
1 0.74140625 0.175 0.071875 0.0640625
1 0.8 0.1828125 0.0625 0.0703125
1 0.8703125 0.19453125 0.065625 0.06875
1 0.9453125 0.2109375 0.0828125 0.075
1 0.98125 0.21796875 0.0375 0.071875
1 0.5546875 0.31015625 0.1578125 0.0890625
1 0.69921875 0.34375 0.15625 0.09375
1 0.89921875 0.38125 0.16875 0.1015625
1 0.98984375 0.41328125 0.0203125 0.0953125
1 0.95 0.615625 0.1 0.1015625
1 0.81484375 0.57421875 0.1515625 0.078125