1 0.59296875 0.28203125 0.0421875 0.053125
1 0.5125 0.29140625 0.025 0.059375
1 0.23671875 0.46796875 0.0484375 0.0421875
1 0.22421875 0.1375 0.040625 0.03125
1 0.15625 0.2765625 0.0390625 0.059375
1 0.1203125 0.03828125 0.040625 0.05
1 0.03828125 0.0453125 0.0484375 0.046875
1 0.71015625 0.20859375 0.0859375 0.0875
1 0.80234375 0.2 0.0765625 0.0765625
1 0.88125 0.18828125 0.0515625 0.0625
1 0.88046875 0.38046875 0.0578125 0.071875
1 0.803125 0.42578125 0.06875 0.09375
1 0.69296875 0.46015625 0.0703125 0.0796875