1 0.115625 0.20234375 0.028125 0.025
1 0.109375 0.37265625 0.025 0.0234375
1 0.10078125 0.5546875 0.0328125 0.028125
1 0.26328125 0.178125 0.0375 0.05625
1 0.31484375 0.17421875 0.0375 0.05625
1 0.4046875 0.1640625 0.034375 0.0578125
1 0.4609375 0.159375 0.0359375 0.0609375
1 0.53046875 0.15 0.03125 0.0546875
1 0.6 0.14140625 0.0359375 0.0671875
1 0.6625 0.13671875 0.05 0.0671875
1 0.76171875 0.12578125 0.040625 0.0625
1 0.81796875 0.11640625 0.0515625 0.0625
1 0.284375 0.34453125 0.1203125 0.0796875
1 0.43125 0.33125 0.140625 0.0734375
1 0.62734375 0.31484375 0.1296875 0.0859375
1 0.790625 0.30078125 0.1453125 0.0859375
1 0.79609375 0.51875 0.14375 0.090625
1 0.6328125 0.525 0.1296875 0.0921875
1 0.42578125 0.54375 0.1328125 0.09375
1 0.28046875 0.55 0.1328125 0.090625