1 0.41953125 0.0203125 0.0171875 0.00625
1 0.728125 0.04453125 0.0703125 0.0328125
1 0.09296875 0.20859375 0.0203125 0.025
1 0.128125 0.209375 0.01875 0.028125
1 0.23359375 0.21484375 0.0203125 0.028125
1 0.27265625 0.21953125 0.015625 0.0265625
1 0.38046875 0.22578125 0.01875 0.03125
1 0.41953125 0.225 0.0234375 0.0265625
1 0.7234375 0.2609375 0.065625 0.0546875
1 0.38203125 0.43359375 0.0171875 0.03125
1 0.42109375 0.4359375 0.01875 0.025
1 0.7234375 0.496875 0.0796875 0.0671875
1 0.2734375 0.42734375 0.034375 0.03125