1 0.58671875 0.95859375 0.040625 0.025
1 0.58046875 0.76328125 0.0421875 0.09375
1 0.76171875 0.88828125 0.0171875 0.05625
1 0.8046875 0.82890625 0.0171875 0.0875
1 0.80078125 0.6359375 0.015625 0.078125
1 0.7578125 0.65859375 0.0125 0.0578125
1 0.5 0.91875 0.0421875 0.059375
1 0.40390625 0.85078125 0.0265625 0.065625
1 0.390625 0.68359375 0.0265625 0.0609375
1 0.446875 0.68125 0.059375 0.1203125
1 0.29375 0.65625 0.05 0.0875
1 0.22421875 0.70859375 0.028125 0.053125
1 0.2140625 0.59609375 0.03125 0.05625
1 0.2015625 0.478125 0.03125 0.053125
1 0.14296875 0.4875 0.015625 0.04375
1 0.19140625 0.36796875 0.03125 0.025
1 0.1171875 0.37421875 0.015625 0.0484375
1 0.09375 0.37890625 0.0171875 0.0484375
1 0.07109375 0.38203125 0.0140625 0.0453125
1 0.0515625 0.3828125 0.0125 0.0390625
1 0.04140625 0.39296875 0.009375 0.01875
1 0.0546875 0.47265625 0.0171875 0.0375
1 0.01796875 0.48046875 0.0109375 0.0359375
1 0.1109375 0.0734375 0.0109375 0.0265625
1 0.115625 0.11875 0.0140625 0.0265625
1 0.11953125 0.16328125 0.0109375 0.025
1 0.134375 0.0078125 0.0125 0.015625
1 0.1390625 0.04765625 0.0125 0.0296875
1 0.14296875 0.09765625 0.0140625 0.028125
1 0.1484375 0.14296875 0.015625 0.03125
1 0.18984375 0.06953125 0.0109375 0.0234375
1 0.1765625 0.0765625 0.009375 0.028125
1 0.309375 0.0234375 0.021875 0.025
1 0.3125 0.0703125 0.01875 0.0265625
1 0.184375 0.02265625 0.009375 0.0265625
1 0.19296875 0.11796875 0.0078125 0.025
1 0.184375 0.1234375 0.0078125 0.0234375
1 0.17578125 0.02109375 0.009375 0.025
1 0.27734375 0.4890625 0.0578125 0.09375
1 0.334375 0.496875 0.025 0.0671875
1 0.37578125 0.49921875 0.025 0.0640625
1 0.56640625 0.52421875 0.0421875 0.0796875
1 0.55234375 0.271875 0.0421875 0.096875
1 0.41640625 0.2765625 0.0609375 0.125
1 0.3625 0.3109375 0.0203125 0.0671875
1 0.26328125 0.31171875 0.0453125 0.103125
1 0.475 0.49453125 0.0421875 0.1
1 0.88828125 0.16953125 0.0328125 0.0390625
1 0.97109375 0.38984375 0.040625 0.0421875
1 0.846875 0.703125 0.0125 0.06875
1 0.8453125 0.5515625 0.0125 0.071875
1 0.8453125 0.3859375 0.0125 0.0625
1 0.79921875 0.4359375 0.0171875 0.0828125
1 0.7515625 0.42421875 0.0140625 0.053125
1 0.7453125 0.16640625 0.015625 0.05625
1 0.79453125 0.22890625 0.015625 0.084375
1 0.8421875 0.2171875 0.0109375 0.053125
1 0.16953125 0.721875 0.0203125 0.04375
1 0.0375 0.64765625 0.0125 0.034375