1 0.6171875 0.8078125 0.04375 0.096875
1 0.80078125 0.940625 0.015625 0.05625
1 0.84609375 0.8796875 0.015625 0.090625
1 0.84765625 0.68125 0.015625 0.08125
1 0.80234375 0.70390625 0.0125 0.0578125
1 0.53046875 0.959375 0.04375 0.0515625
1 0.43359375 0.89375 0.025 0.065625
1 0.4234375 0.7203125 0.0265625 0.0625
1 0.48203125 0.71953125 0.059375 0.121875
1 0.325 0.690625 0.05 0.0890625
1 0.2515625 0.7421875 0.028125 0.0546875
1 0.24296875 0.6265625 0.03125 0.0578125
1 0.23359375 0.5046875 0.0296875 0.0546875
1 0.17265625 0.5125 0.015625 0.0453125
1 0.2265625 0.38984375 0.0328125 0.0265625
1 0.15 0.39453125 0.0140625 0.05
1 0.125 0.39921875 0.0171875 0.05
1 0.10078125 0.4015625 0.0125 0.046875
1 0.08125 0.40234375 0.0125 0.040625
1 0.07109375 0.41171875 0.009375 0.01875
1 0.08203125 0.4953125 0.0171875 0.0375
1 0.0234375 0.4171875 0.0078125 0.0328125
1 0.0109375 0.4203125 0.009375 0.034375
1 0.00078125 0.421875 0.0015625 0.03125
1 0.04375 0.50234375 0.009375 0.0359375
1 0.00625 0.50234375 0.0078125 0.0296875
1 0.0234375 0.5 0.0125 0.0296875
1 0.15 0.084375 0.0109375 0.028125
1 0.15390625 0.13203125 0.015625 0.0265625
1 0.15703125 0.17734375 0.009375 0.025
1 0.17578125 0.0125 0.0140625 0.025
1 0.18046875 0.05859375 0.0140625 0.03125
1 0.1828125 0.1109375 0.0140625 0.028125
1 0.1875 0.1578125 0.015625 0.0328125
1 0.23125 0.0828125 0.0109375 0.0234375
1 0.2171875 0.08984375 0.009375 0.028125
1 0.35625 0.0390625 0.021875 0.025
1 0.3578125 0.08671875 0.01875 0.0265625
1 0.35390625 0.0015625 0.0171875 0.003125
1 0.22734375 0.034375 0.0078125 0.0265625
1 0.23359375 0.1328125 0.0078125 0.0265625
1 0.22421875 0.13828125 0.009375 0.0234375
1 0.21796875 0.0328125 0.0078125 0.025
1 0.3109375 0.5171875 0.059375 0.0953125
1 0.3703125 0.5265625 0.025 0.06875
1 0.4125 0.53125 0.025 0.065625
1 0.60859375 0.56015625 0.0421875 0.0828125
1 0.6 0.30078125 0.040625 0.1
1 0.459375 0.30234375 0.0609375 0.1265625
1 0.403125 0.33671875 0.0203125 0.06875
1 0.3015625 0.334375 0.046875 0.10625
1 0.51484375 0.52734375 0.0421875 0.1015625
1 0.9484375 0.203125 0.034375 0.0390625
1 0.89296875 0.75234375 0.0109375 0.06875
1 0.8953125 0.59609375 0.0125 0.075
1 0.89921875 0.42421875 0.0109375 0.0640625
1 0.85 0.475 0.015625 0.084375
1 0.8015625 0.46171875 0.0125 0.0546875
1 0.80078125 0.19609375 0.0140625 0.0578125
1 0.85078125 0.26171875 0.015625 0.0859375
1 0.9 0.25078125 0.009375 0.0546875
1 0.19453125 0.75625 0.0203125 0.04375
1 0.0609375 0.67578125 0.0109375 0.0359375