1 0.621875 0.93515625 0.0390625 0.078125
1 0.61328125 0.72578125 0.040625 0.0859375
1 0.78203125 0.846875 0.015625 0.0515625
1 0.821875 0.79296875 0.015625 0.0796875
1 0.81796875 0.6140625 0.0140625 0.071875
1 0.77734375 0.634375 0.0125 0.053125
1 0.53984375 0.86796875 0.040625 0.0546875
1 0.45078125 0.80234375 0.025 0.059375
1 0.43671875 0.646875 0.025 0.05625
1 0.4890625 0.646875 0.05625 0.1109375
1 0.34765625 0.61953125 0.0484375 0.0796875
1 0.2828125 0.665625 0.0265625 0.0484375
1 0.27265625 0.56171875 0.0296875 0.0515625
1 0.2609375 0.453125 0.028125 0.0484375
1 0.20625 0.459375 0.015625 0.040625
1 0.25078125 0.35078125 0.0296875 0.0234375
1 0.1828125 0.35390625 0.0140625 0.04375
1 0.16015625 0.3578125 0.0171875 0.04375
1 0.13828125 0.36015625 0.0125 0.0421875
1 0.12109375 0.3609375 0.0125 0.0359375
1 0.1109375 0.36953125 0.009375 0.015625
1 0.1234375 0.44375 0.015625 0.0328125
1 0.06875 0.3734375 0.00625 0.03125
1 0.05703125 0.37578125 0.009375 0.03125
1 0.046875 0.378125 0.0078125 0.028125
1 0.0375 0.3796875 0.009375 0.0265625
1 0.03359375 0.4328125 0.0171875 0.0296875
1 0.08984375 0.45078125 0.009375 0.0328125
1 0.05546875 0.44921875 0.0078125 0.025
1 0.07109375 0.44765625 0.0125 0.0265625
1 0.04296875 0.490625 0.01875 0.0234375
1 0.17421875 0.07578125 0.009375 0.0234375
1 0.17890625 0.11875 0.0125 0.0234375
1 0.1828125 0.159375 0.009375 0.0234375
1 0.1953125 0.0109375 0.0125 0.021875
1 0.20078125 0.053125 0.0125 0.028125
1 0.20390625 0.09921875 0.0125 0.025
1 0.209375 0.14140625 0.0140625 0.028125
1 0.246875 0.075 0.009375 0.021875
1 0.23515625 0.08046875 0.009375 0.025
1 0.3578125 0.03515625 0.0203125 0.021875
1 0.36171875 0.07890625 0.01875 0.025
1 0.3546875 0.0015625 0.015625 0.003125
1 0.2421875 0.03046875 0.0078125 0.0234375
1 0.25078125 0.1203125 0.0078125 0.0234375
1 0.2421875 0.12421875 0.009375 0.021875
1 0.23359375 0.0296875 0.009375 0.0234375
1 0.33046875 0.46484375 0.0546875 0.0859375
1 0.384375 0.4734375 0.0234375 0.0625
1 0.42265625 0.47734375 0.0234375 0.059375
1 0.59921875 0.5046875 0.0390625 0.0734375
1 0.584375 0.271875 0.0390625 0.0890625
1 0.4578125 0.2734375 0.0578125 0.1140625
1 0.40859375 0.30234375 0.0203125 0.0609375
1 0.3171875 0.30078125 0.04375 0.0953125
1 0.51484375 0.475 0.040625 0.0921875
1 0.89609375 0.18515625 0.03125 0.034375
1 0.9734375 0.3921875 0.0375 0.0375
1 0.8609375 0.678125 0.0125 0.0625
1 0.859375 0.53828125 0.0125 0.065625
1 0.85703125 0.384375 0.0125 0.0578125
1 0.8140625 0.4296875 0.015625 0.075
1 0.77109375 0.4171875 0.0125 0.0484375
1 0.76328125 0.17890625 0.015625 0.0515625
1 0.81015625 0.23828125 0.015625 0.0765625
1 0.853125 0.22890625 0.0109375 0.05
1 0.23203125 0.678125 0.01875 0.040625
1 0.109375 0.6046875 0.0109375 0.03125