1 0.94140625 0.853125 0.1171875 0.15
1 0.5703125 0.88671875 0.303125 0.165625
1 0.12734375 0.9140625 0.1171875 0.171875
1 0.721875 0.64296875 0.1078125 0.19375
1 0.434375 0.66171875 0.1875 0.1765625
1 0.13671875 0.6828125 0.13125 0.1640625
1 0.0828125 0.44921875 0.1046875 0.1640625
1 0.3859375 0.4390625 0.1 0.1375
1 0.653125 0.425 0.165625 0.1609375
1 0.840625 0.41875 0.08125 0.134375
1 0.903125 0.23125 0.1484375 0.14375
1 0.634375 0.25234375 0.1671875 0.146875
1 0.4171875 0.25 0.1578125 0.14375
1 0.17421875 0.26796875 0.1125 0.1265625
1 0.05078125 0.27109375 0.065625 0.1296875
1 0.81484375 0.08203125 0.1796875 0.13125
1 0.57890625 0.08203125 0.0984375 0.125
1 0.41640625 0.09375 0.1484375 0.11875
1 0.14453125 0.10390625 0.165625 0.1390625
1 0.19296875 0.0109375 0.0703125 0.021875
1 0.37734375 0.00390625 0.0796875 0.0078125
1 0.6015625 0.00390625 0.134375 0.0078125