1 0.91875 0.87421875 0.13125 0.1265625
1 0.5375 0.90078125 0.29375 0.140625
1 0.0734375 0.9234375 0.146875 0.153125
1 0.71171875 0.6703125 0.0953125 0.1921875
1 0.42421875 0.684375 0.178125 0.1734375
1 0.1265625 0.7015625 0.121875 0.1609375
1 0.015625 0.696875 0.03125 0.16875
1 0.07265625 0.46796875 0.1453125 0.1671875
1 0.3984375 0.46171875 0.090625 0.1359375
1 0.66484375 0.45234375 0.15625 0.159375
1 0.85078125 0.44921875 0.071875 0.1359375
1 0.92890625 0.2625 0.1328125 0.140625
1 0.66328125 0.2796875 0.159375 0.1453125
1 0.44765625 0.27265625 0.15 0.1421875
1 0.20546875 0.28671875 0.10625 0.1234375
1 0.05546875 0.290625 0.1109375 0.13125
1 0.85859375 0.11328125 0.1734375 0.128125
1 0.625 0.10859375 0.090625 0.1234375
1 0.46328125 0.11640625 0.1421875 0.115625
1 0.1921875 0.12265625 0.15625 0.1359375
1 0.03671875 0.12578125 0.0734375 0.1171875
1 0.09453125 0.02265625 0.1546875 0.0453125
1 0.25 0.0203125 0.06875 0.040625
1 0.43515625 0.015625 0.078125 0.03125
1 0.6578125 0.01640625 0.13125 0.0328125
1 0.8703125 0.0125 0.0828125 0.025
1 0.97421875 0.0109375 0.0515625 0.021875