1 0.8640625 0.96796875 0.1265625 0.0640625
1 0.50390625 0.95234375 0.2734375 0.0953125
1 0.075 0.9296875 0.1296875 0.140625
1 0.6609375 0.77734375 0.0875 0.1796875
1 0.39140625 0.75234375 0.1640625 0.1625
1 0.1140625 0.72890625 0.1125 0.1515625
1 0.015625 0.7109375 0.015625 0.15625
1 0.0640625 0.5046875 0.11875 0.153125
1 0.36171875 0.540625 0.084375 0.125
1 0.6109375 0.5671875 0.1453125 0.146875
1 0.78515625 0.5890625 0.0671875 0.1265625
1 0.85546875 0.42421875 0.1296875 0.1328125
1 0.60390625 0.40546875 0.1484375 0.134375
1 0.40234375 0.37109375 0.1390625 0.1328125
1 0.17578125 0.3515625 0.0984375 0.115625
1 0.0453125 0.33671875 0.084375 0.121875
1 0.7828125 0.275 0.1625 0.1203125
1 0.5640625 0.23984375 0.084375 0.1140625
1 0.4125 0.2265625 0.1328125 0.1078125
1 0.15859375 0.19609375 0.1453125 0.1265625
1 0.02421875 0.18046875 0.0453125 0.1078125
1 0.06875 0.05625 0.1375 0.1125
1 0.21171875 0.078125 0.0640625 0.103125
1 0.38359375 0.09140625 0.0734375 0.103125
1 0.5921875 0.121875 0.121875 0.10625
1 0.79140625 0.1390625 0.0765625 0.109375
1 0.8921875 0.15625 0.0578125 0.1015625
1 0.7265625 0.05546875 0.0671875 0.0140625
1 0.8890625 0.07109375 0.046875 0.0203125