1 0.25390625 0.1609375 0.034375 0.0625
1 0.25625 0.28046875 0.034375 0.0578125
1 0.26015625 0.4078125 0.028125 0.065625
1 0.2640625 0.52890625 0.0328125 0.0546875
1 0.2671875 0.65703125 0.0296875 0.0546875
1 0.26875 0.78046875 0.0296875 0.046875
1 0.3359375 0.16484375 0.0421875 0.05625
1 0.33671875 0.28671875 0.046875 0.065625
1 0.3421875 0.40390625 0.0515625 0.0515625
1 0.346875 0.53125 0.05 0.0546875
1 0.35078125 0.65703125 0.05 0.0578125
1 0.35390625 0.78046875 0.046875 0.0578125
1 0.41953125 0.196875 0.03125 0.0578125
1 0.421875 0.31015625 0.0328125 0.05625
1 0.4265625 0.42578125 0.0328125 0.0515625
1 0.4296875 0.5421875 0.028125 0.053125
1 0.43515625 0.66171875 0.0296875 0.0421875
1 0.43515625 0.78125 0.0328125 0.0375
1 0.14453125 0.15625 0.0203125 0.0515625
1 0.48515625 0.04765625 0.025 0.053125
1 0.8234375 0.2578125 0.0453125 0.0546875
1 0.86953125 0.278125 0.01875 0.04375
1 0.9046875 0.29375 0.0234375 0.034375
1 0.9640625 0.396875 0.0140625 0.0234375
1 0.96953125 0.478125 0.0109375 0.025
1 0.97421875 0.5546875 0.0140625 0.0265625
1 0.97890625 0.63203125 0.0140625 0.025
1 0.984375 0.7109375 0.009375 0.0234375
1 0.98984375 0.7921875 0.0109375 0.025
1 0.94296875 0.39140625 0.0234375 0.03125
1 0.94921875 0.47265625 0.0203125 0.0359375
1 0.953125 0.553125 0.0203125 0.0390625
1 0.95859375 0.63046875 0.0203125 0.034375
1 0.96328125 0.7109375 0.01875 0.0328125
1 0.96796875 0.79375 0.01875 0.0296875
1 0.93515625 0.79296875 0.0203125 0.0265625
1 0.9 0.79375 0.0140625 0.0296875
1 0.93046875 0.71015625 0.0203125 0.0296875
1 0.8953125 0.70703125 0.0171875 0.03125
1 0.925 0.62578125 0.0203125 0.0265625
1 0.88984375 0.62109375 0.0171875 0.0296875
1 0.91953125 0.54375 0.0203125 0.03125
1 0.8859375 0.5375 0.015625 0.0359375
1 0.91484375 0.4609375 0.0203125 0.03125
1 0.88125 0.44921875 0.01875 0.028125
1 0.909375 0.37890625 0.021875 0.0296875
1 0.875 0.36640625 0.0140625 0.028125
1 0.7796875 0.33125 0.0171875 0.0390625
1 0.78359375 0.421875 0.0171875 0.0421875
1 0.7890625 0.51015625 0.01875 0.040625
1 0.79296875 0.60546875 0.01875 0.034375
1 0.7984375 0.69765625 0.01875 0.0375
1 0.803125 0.7921875 0.0171875 0.0375
1 0.7671875 0.7890625 0.0140625 0.021875
1 0.58984375 0.67578125 0.03125 0.034375
1 0.59296875 0.78359375 0.034375 0.034375
1 0.72578125 0.78984375 0.025 0.034375
1 0.72109375 0.6890625 0.0265625 0.034375
1 0.765625 0.6890625 0.0125 0.025
1 0.584375 0.56953125 0.0296875 0.0375
1 0.71484375 0.590625 0.0265625 0.0390625
1 0.76015625 0.59375 0.0140625 0.028125
1 0.58125 0.46328125 0.03125 0.0375
1 0.7109375 0.49296875 0.0265625 0.0375
1 0.75625 0.5015625 0.0125 0.028125
1 0.57578125 0.35625 0.0296875 0.0453125
1 0.70625 0.3984375 0.025 0.0390625
1 0.74921875 0.40546875 0.0109375 0.028125
1 0.57109375 0.2515625 0.0296875 0.046875
1 0.70078125 0.3015625 0.025 0.040625
1 0.74453125 0.3140625 0.0109375 0.028125