1 0.2453125 0.16875 0.03125 0.05625
1 0.240625 0.27578125 0.03125 0.0515625
1 0.2375 0.38984375 0.0265625 0.0578125
1 0.23359375 0.4984375 0.028125 0.05
1 0.2296875 0.61328125 0.0265625 0.0484375
1 0.2234375 0.72421875 0.0265625 0.0421875
1 0.31875 0.1734375 0.0375 0.05
1 0.31328125 0.2828125 0.0421875 0.059375
1 0.3109375 0.38828125 0.0453125 0.0453125
1 0.3078125 0.50234375 0.04375 0.0484375
1 0.30390625 0.61484375 0.04375 0.0515625
1 0.29921875 0.72578125 0.040625 0.0515625
1 0.3921875 0.203125 0.0265625 0.0515625
1 0.3875 0.30546875 0.028125 0.0484375
1 0.38515625 0.40859375 0.028125 0.0453125
1 0.38203125 0.51328125 0.025 0.0484375
1 0.37890625 0.62109375 0.0265625 0.0375
1 0.37265625 0.728125 0.0296875 0.034375
1 0.14765625 0.1625 0.0171875 0.046875
1 0.459375 0.0703125 0.021875 0.046875
1 0.7515625 0.26484375 0.040625 0.0484375
1 0.7921875 0.2828125 0.0171875 0.0390625
1 0.82265625 0.29765625 0.0203125 0.0296875
1 0.86875 0.39140625 0.0125 0.0203125
1 0.8703125 0.4640625 0.009375 0.021875
1 0.86953125 0.5328125 0.0109375 0.025
1 0.86953125 0.60234375 0.0125 0.021875
1 0.8703125 0.6734375 0.009375 0.021875
1 0.8703125 0.74609375 0.009375 0.0234375
1 0.85078125 0.38671875 0.021875 0.0265625
1 0.8515625 0.459375 0.01875 0.03125
1 0.85078125 0.53203125 0.0171875 0.0359375
1 0.85078125 0.6015625 0.0171875 0.03125
1 0.85078125 0.6734375 0.015625 0.028125
1 0.85078125 0.74765625 0.0171875 0.0265625
1 0.82109375 0.74609375 0.0171875 0.025
1 0.78984375 0.74609375 0.0125 0.0265625
1 0.82109375 0.671875 0.0171875 0.028125
1 0.78984375 0.66796875 0.0140625 0.028125
1 0.821875 0.59609375 0.0171875 0.0234375
1 0.78984375 0.59140625 0.0140625 0.0265625
1 0.821875 0.52265625 0.01875 0.028125
1 0.79140625 0.51640625 0.0125 0.0328125
1 0.82265625 0.44765625 0.01875 0.0265625
1 0.79296875 0.43671875 0.015625 0.0265625
1 0.821875 0.37421875 0.0171875 0.0265625
1 0.79140625 0.3625 0.0125 0.025
1 0.7078125 0.32890625 0.0140625 0.0359375
1 0.70625 0.4109375 0.0140625 0.0375
1 0.70625 0.48984375 0.015625 0.0359375
1 0.70390625 0.57578125 0.015625 0.0296875
1 0.70390625 0.65859375 0.015625 0.0328125
1 0.70234375 0.74375 0.015625 0.034375
1 0.6703125 0.73984375 0.0125 0.0203125
1 0.5171875 0.6359375 0.028125 0.03125
1 0.51484375 0.7328125 0.0296875 0.03125
1 0.6328125 0.73984375 0.021875 0.0296875
1 0.63515625 0.64921875 0.0234375 0.0296875
1 0.675 0.65 0.0109375 0.021875
1 0.51953125 0.540625 0.0265625 0.034375
1 0.63515625 0.5609375 0.0234375 0.034375
1 0.675 0.56484375 0.0125 0.025
1 0.521875 0.4453125 0.028125 0.034375
1 0.6375 0.4734375 0.0234375 0.034375
1 0.67734375 0.48203125 0.0109375 0.025
1 0.52421875 0.34921875 0.0265625 0.0390625
1 0.63828125 0.38828125 0.021875 0.0359375
1 0.6765625 0.39609375 0.009375 0.025
1 0.525 0.2546875 0.0265625 0.040625
1 0.6390625 0.3015625 0.021875 0.0359375
1 0.678125 0.31328125 0.009375 0.025