1 0.18671875 0.14921875 0.034375 0.0640625
1 0.1796875 0.2671875 0.034375 0.059375
1 0.175 0.39375 0.0296875 0.065625
1 0.16796875 0.5140625 0.0328125 0.05625
1 0.1609375 0.64140625 0.0296875 0.05625
1 0.15234375 0.76484375 0.0296875 0.0484375
1 0.26796875 0.146875 0.0421875 0.0578125
1 0.259375 0.26875 0.046875 0.0671875
1 0.25625 0.38515625 0.0515625 0.05625
1 0.25 0.51171875 0.05 0.0578125
1 0.24375 0.63671875 0.05 0.0609375
1 0.23671875 0.759375 0.0453125 0.0609375
1 0.3484375 0.1734375 0.0296875 0.059375
1 0.3421875 0.28671875 0.0328125 0.0578125
1 0.3375 0.40078125 0.0328125 0.053125
1 0.33203125 0.51640625 0.028125 0.0546875
1 0.3265625 0.6359375 0.03125 0.04375
1 0.31796875 0.7546875 0.0328125 0.040625
1 0.08046875 0.15078125 0.0203125 0.0546875
1 0.42578125 0.0234375 0.025 0.046875
1 0.7453125 0.20859375 0.0453125 0.05625
1 0.7890625 0.225 0.01875 0.0453125
1 0.82265625 0.2390625 0.0234375 0.0359375
1 0.87265625 0.33828125 0.015625 0.0234375
1 0.871875 0.41875 0.0109375 0.0265625
1 0.8703125 0.4953125 0.0140625 0.028125
1 0.86875 0.57109375 0.0140625 0.025
1 0.8671875 0.65 0.009375 0.0234375
1 0.86640625 0.7296875 0.0109375 0.025
1 0.853125 0.334375 0.025 0.03125
1 0.8515625 0.41484375 0.0203125 0.0359375
1 0.8484375 0.4953125 0.0203125 0.040625
1 0.84765625 0.571875 0.0203125 0.034375
1 0.84609375 0.6515625 0.01875 0.034375
1 0.84453125 0.73359375 0.01875 0.03125
1 0.8125 0.73515625 0.0203125 0.028125
1 0.77734375 0.7375 0.0140625 0.0296875
1 0.81328125 0.65234375 0.0203125 0.03125
1 0.7796875 0.6515625 0.015625 0.0328125
1 0.81640625 0.56875 0.0203125 0.0265625
1 0.78125 0.56640625 0.015625 0.03125
1 0.8171875 0.4875 0.0203125 0.0328125
1 0.78359375 0.48359375 0.0140625 0.0375
1 0.81875 0.4046875 0.021875 0.0328125
1 0.78671875 0.3953125 0.01875 0.0296875
1 0.8203125 0.32421875 0.0203125 0.0328125
1 0.78671875 0.31328125 0.0140625 0.0296875
1 0.6953125 0.284375 0.0171875 0.0421875
1 0.69140625 0.375 0.0171875 0.0421875
1 0.690625 0.4625 0.01875 0.040625
1 0.68671875 0.55703125 0.01875 0.0359375
1 0.684375 0.64765625 0.01875 0.0390625
1 0.68125 0.7421875 0.0171875 0.0390625
1 0.64609375 0.74140625 0.0140625 0.021875
1 0.478125 0.640625 0.0328125 0.0375
1 0.47421875 0.74765625 0.0328125 0.0375
1 0.60390625 0.74375 0.025 0.034375
1 0.60859375 0.64453125 0.0265625 0.0359375
1 0.65234375 0.6421875 0.0125 0.0265625
1 0.4828125 0.53515625 0.0296875 0.0390625
1 0.6109375 0.546875 0.0265625 0.040625
1 0.65546875 0.546875 0.0140625 0.028125
1 0.48671875 0.4296875 0.0328125 0.040625
1 0.61484375 0.45 0.028125 0.0390625
1 0.6578125 0.45546875 0.0125 0.028125
1 0.49140625 0.32265625 0.0296875 0.0453125
1 0.6171875 0.35625 0.025 0.0421875
1 0.65859375 0.36015625 0.0109375 0.0296875
1 0.49453125 0.21875 0.0296875 0.046875
1 0.6203125 0.26015625 0.0234375 0.040625
1 0.6625 0.26875 0.0109375 0.028125