1 0.2546875 0.14765625 0.0265625 0.053125
1 0.30546875 0.13828125 0.0546875 0.046875
1 0.303125 0.24140625 0.0515625 0.0453125
1 0.2515625 0.2484375 0.021875 0.0484375
1 0.43203125 0.15390625 0.0546875 0.0609375
1 0.43125 0.25234375 0.0515625 0.0671875
1 0.253125 0.346875 0.021875 0.04375
1 0.3015625 0.3421875 0.053125 0.0421875
1 0.43046875 0.35390625 0.0453125 0.0578125
1 0.2515625 0.4484375 0.0234375 0.04375
1 0.303125 0.44375 0.053125 0.0421875
1 0.428125 0.45234375 0.0484375 0.0609375
1 0.24921875 0.55078125 0.021875 0.0453125
1 0.3015625 0.54609375 0.05 0.04375
1 0.428125 0.55234375 0.046875 0.0546875
1 0.25 0.6515625 0.01875 0.0390625
1 0.2984375 0.646875 0.05 0.0390625
1 0.42734375 0.65390625 0.0484375 0.0578125
1 0.42734375 0.753125 0.05 0.059375
1 0.29921875 0.74921875 0.05625 0.040625
1 0.246875 0.75234375 0.021875 0.0421875
1 0.246875 0.85234375 0.0203125 0.0375
1 0.29609375 0.85 0.046875 0.0390625
1 0.425 0.853125 0.0484375 0.053125
1 0.42265625 0.96015625 0.053125 0.0453125
1 0.2953125 0.96171875 0.0546875 0.040625
1 0.24609375 0.96328125 0.0203125 0.0390625
1 0.75 0.92265625 0.05625 0.0375
1 0.7796875 0.8265625 0.0546875 0.0328125
1 0.7828125 0.7375 0.053125 0.0328125
1 0.78515625 0.65 0.053125 0.034375
1 0.78359375 0.5625 0.05 0.034375
1 0.7203125 0.25390625 0.040625 0.034375
1 0.71796875 0.33671875 0.0375 0.0359375
1 0.7171875 0.4171875 0.0421875 0.0328125
1 0.715625 0.4953125 0.040625 0.021875
1 0.71171875 0.146875 0.128125 0.078125