1 0.2546875 0.1125 0.028125 0.0515625
1 0.3046875 0.10546875 0.05625 0.0453125
1 0.29765625 0.2046875 0.0515625 0.0421875
1 0.24765625 0.21015625 0.0234375 0.046875
1 0.42734375 0.12265625 0.0546875 0.059375
1 0.421875 0.21796875 0.053125 0.0640625
1 0.24453125 0.30546875 0.0234375 0.040625
1 0.29140625 0.30234375 0.053125 0.0390625
1 0.41640625 0.31640625 0.0484375 0.05625
1 0.23828125 0.4046875 0.025 0.0421875
1 0.2890625 0.4015625 0.053125 0.040625
1 0.41015625 0.41171875 0.05 0.0578125
1 0.23125 0.50390625 0.0234375 0.04375
1 0.28203125 0.50078125 0.0515625 0.0421875
1 0.4046875 0.509375 0.0484375 0.053125
1 0.228125 0.6015625 0.0203125 0.0375
1 0.275 0.59921875 0.05 0.0359375
1 0.4 0.6078125 0.05 0.0546875
1 0.39453125 0.70390625 0.0515625 0.0546875
1 0.2703125 0.69765625 0.05625 0.0390625
1 0.21953125 0.7 0.0234375 0.0390625
1 0.215625 0.796875 0.0203125 0.0375
1 0.26328125 0.79609375 0.046875 0.0375
1 0.38828125 0.8015625 0.05 0.05
1 0.38203125 0.909375 0.053125 0.053125
1 0.2578125 0.9046875 0.0546875 0.0390625
1 0.209375 0.90390625 0.0203125 0.0359375
1 0.69921875 0.875 0.05625 0.0359375
1 0.73359375 0.78125 0.053125 0.03125
1 0.740625 0.6953125 0.053125 0.03125
1 0.74609375 0.61015625 0.0546875 0.0328125
1 0.74921875 0.525 0.0484375 0.0328125
1 0.7015625 0.22421875 0.0421875 0.0328125
1 0.6953125 0.30546875 0.0375 0.034375
1 0.69140625 0.3828125 0.04375 0.0328125
1 0.68671875 0.459375 0.0421875 0.0203125
1 0.69921875 0.1203125 0.128125 0.0734375