1 0.26484375 0.17109375 0.0265625 0.0515625
1 0.3140625 0.165625 0.0546875 0.0453125
1 0.315625 0.2671875 0.0515625 0.0421875
1 0.26484375 0.2703125 0.0234375 0.046875
1 0.440625 0.18984375 0.0546875 0.059375
1 0.44296875 0.2875 0.053125 0.0640625
1 0.2703125 0.3671875 0.021875 0.0421875
1 0.31796875 0.36640625 0.0515625 0.040625
1 0.4453125 0.38671875 0.046875 0.0578125
1 0.271875 0.46796875 0.0234375 0.0421875
1 0.32265625 0.4671875 0.0546875 0.0421875
1 0.446875 0.48359375 0.0484375 0.059375
1 0.27265625 0.56875 0.021875 0.04375
1 0.32421875 0.56875 0.05 0.0421875
1 0.45 0.5828125 0.046875 0.0546875
1 0.27734375 0.66796875 0.0203125 0.0375
1 0.32578125 0.66796875 0.05 0.0375
1 0.453125 0.6828125 0.05 0.0546875
1 0.45625 0.78046875 0.05 0.0578125
1 0.3296875 0.76875 0.05625 0.0390625
1 0.27734375 0.76796875 0.021875 0.040625
1 0.28125 0.8671875 0.0203125 0.0375
1 0.33046875 0.86796875 0.046875 0.0390625
1 0.4578125 0.88046875 0.05 0.0515625
1 0.459375 0.98203125 0.053125 0.0359375
1 0.3328125 0.97890625 0.05625 0.0390625
1 0.28359375 0.97578125 0.0203125 0.0375
1 0.78125 0.97109375 0.05625 0.0375
1 0.8078125 0.878125 0.053125 0.03125
1 0.8078125 0.78984375 0.053125 0.0328125
1 0.80625 0.70390625 0.053125 0.0328125
1 0.80234375 0.6171875 0.0484375 0.034375
1 0.72890625 0.30859375 0.0421875 0.0359375
1 0.7296875 0.390625 0.0375 0.0359375
1 0.73125 0.46953125 0.0421875 0.0328125
1 0.73359375 0.546875 0.0421875 0.021875
1 0.7171875 0.20234375 0.128125 0.075