1 0.83125 0.21484375 0.1203125 0.159375
1 0.8671875 0.4546875 0.1421875 0.178125
1 0.8953125 0.71328125 0.134375 0.178125
1 0.92578125 0.95390625 0.1453125 0.0921875
1 0.98203125 0.14765625 0.0359375 0.1265625
1 0.815625 0.0640625 0.115625 0.0390625
1 0.62265625 0.09453125 0.1015625 0.1234375
1 0.63828125 0.303125 0.1046875 0.140625
1 0.65234375 0.53671875 0.1140625 0.16875
1 0.67578125 0.78671875 0.1140625 0.16875
1 0.684375 0.9859375 0.1265625 0.028125
1 0.46640625 0.1734375 0.0984375 0.1171875
1 0.4703125 0.375 0.1015625 0.13125
1 0.47890625 0.5984375 0.1 0.153125
1 0.48984375 0.84609375 0.1 0.1515625
1 0.30078125 0.24609375 0.084375 0.1125
1 0.3015625 0.446875 0.0859375 0.134375
1 0.30078125 0.659375 0.09375 0.1265625
1 0.30859375 0.890625 0.1015625 0.14375
1 0.1546875 0.93671875 0.090625 0.1265625
1 0.15859375 0.71171875 0.09375 0.1296875
1 0.1578125 0.5046875 0.090625 0.125
1 0.1671875 0.30703125 0.0796875 0.10625
1 0.04140625 0.375 0.0484375 0.1046875
1 0.04296875 0.5640625 0.03125 0.09375
1 0.04375 0.76640625 0.0140625 0.1078125