1 0.80234375 0.196875 0.1265625 0.15625
1 0.8078125 0.43984375 0.15 0.1734375
1 0.8015625 0.7015625 0.1421875 0.175
1 0.796875 0.95078125 0.1484375 0.0984375
1 0.9640625 0.3609375 0.0265625 0.1296875
1 0.97109375 0.121875 0.05 0.1265625
1 0.80859375 0.03515625 0.11875 0.053125
1 0.60703125 0.08125 0.109375 0.1296875
1 0.59375 0.2953125 0.109375 0.1390625
1 0.57578125 0.5328125 0.1203125 0.165625
1 0.56640625 0.7859375 0.121875 0.1671875
1 0.54609375 0.9890625 0.1265625 0.021875
1 0.43515625 0.17265625 0.103125 0.115625
1 0.4125 0.37734375 0.10625 0.1265625
1 0.38984375 0.6046875 0.10625 0.1515625
1 0.3671875 0.85625 0.10625 0.15
1 0.25625 0.253125 0.0875 0.1109375
1 0.228125 0.4578125 0.0921875 0.1328125
1 0.19921875 0.67421875 0.096875 0.125
1 0.17578125 0.909375 0.1078125 0.1421875
1 0.02890625 0.95 0.0578125 0.1
1 0.04765625 0.734375 0.0953125 0.1265625
1 0.07421875 0.5234375 0.0953125 0.1234375
1 0.11015625 0.32265625 0.084375 0.1046875