1 0.81171875 0.14140625 0.125 0.1578125
1 0.815625 0.37734375 0.146875 0.175
1 0.8078125 0.63203125 0.1390625 0.175
1 0.80078125 0.890625 0.1484375 0.134375
1 0.965625 0.290625 0.0203125 0.1265625
1 0.97421875 0.06015625 0.04375 0.1203125
1 0.81875 0.00546875 0.1171875 0.0109375
1 0.62109375 0.053125 0.10625 0.10625
1 0.60625 0.25 0.109375 0.1390625
1 0.5875 0.4828125 0.1171875 0.165625
1 0.57734375 0.7296875 0.1203125 0.1671875
1 0.55546875 0.9421875 0.1265625 0.0546875
1 0.4515625 0.14140625 0.1015625 0.1171875
1 0.42890625 0.340625 0.1046875 0.128125
1 0.40546875 0.56328125 0.1046875 0.1515625
1 0.38203125 0.809375 0.103125 0.15
1 0.27578125 0.23046875 0.0875 0.1109375
1 0.2484375 0.43125 0.0921875 0.1328125
1 0.21796875 0.64375 0.096875 0.1265625
1 0.19453125 0.8734375 0.10625 0.1421875
1 0.0390625 0.934375 0.078125 0.1234375
1 0.06875 0.7109375 0.0953125 0.128125
1 0.096875 0.5046875 0.09375 0.125
1 0.13359375 0.30703125 0.0828125 0.1046875
1 0.01171875 0.38828125 0.0234375 0.1046875